#timeStamp px(m) py(m) doseRate(uSv/h)
1517156571.717818956 -1.67043e-38 2.52952e-20 0.210526 0 2018-01-29 00:22:51 717
1517156571.718208550 -1.67043e-38 2.52952e-20 0.210526 0 2018-01-29 00:22:51 718
1517156572.718345187 -1.67043e-38 2.52952e-20 0.210526 0 2018-01-29 00:22:52 718
1517156573.718398749 -1.67043e-38 2.52952e-20 0.210526 0 2018-01-29 00:22:53 718
1517156574.718349600 -1.67043e-38 2.52952e-20 0.210526 0 2018-01-29 00:22:54 718
1517156575.718349671 -1.67043e-38 2.52952e-20 0.210526 0 2018-01-29 00:22:55 718
1517156576.718373753 -1.67043e-38 2.52952e-20 0.210526 0 2018-01-29 00:22:56 718
1517156577.718397523 -1.67043e-38 2.52952e-20 0.105263 0 2018-01-29 00:22:57 718
1517156578.718378375 -1.67043e-38 2.52952e-20 0.105263 0 2018-01-29 00:22:58 718
1517156579.718397405 -1.67043e-38 2.52952e-20 0.105263 0 2018-01-29 00:22:59 718
1517156580.718386850 -1.67043e-38 2.52952e-20 0.105263 0 2018-01-29 00:23:00 718
1517156581.718402807 -1.67043e-38 2.52952e-20 0.315789 0 2018-01-29 00:23:01 718
1517156582.718374492 -1.67043e-38 2.52952e-20 0.315789 0 2018-01-29 00:23:02 718
1517156583.718395554 -1.67043e-38 2.52952e-20 0.421053 0 2018-01-29 00:23:03 718
1517156584.718473856 -1.67043e-38 2.52952e-20 0.421053 0 2018-01-29 00:23:04 718
1517156585.718421738 -1.67043e-38 2.52952e-20 0.526316 0 2018-01-29 00:23:05 718
1517156586.718603741 -1.67043e-38 2.52952e-20 0.526316 0 2018-01-29 00:23:06 718
1517156587.718483861 -1.67043e-38 2.52952e-20 0.421053 0 2018-01-29 00:23:07 718
1517156588.718379711 -1.67043e-38 2.52952e-20 0.421053 0 2018-01-29 00:23:08 718
1517156589.718392907 -1.67043e-38 2.52952e-20 0.947368 0 2018-01-29 00:23:09 718
1517156590.718367561 -1.67043e-38 2.52952e-20 0.947368 0 2018-01-29 00:23:10 718
1517156591.718393206 -1.67043e-38 2.52952e-20 0.947368 0 2018-01-29 00:23:11 718
1517156592.718671148 -1.67043e-38 2.52952e-20 0.947368 0 2018-01-29 00:23:12 718
1517156593.718646531 -1.67043e-38 2.52952e-20 0.526316 0 2018-01-29 00:23:13 718
1517156594.718363314 -1.67043e-38 2.52952e-20 0.526316 0 2018-01-29 00:23:14 718
1517156595.718390313 -1.67043e-38 2.52952e-20 0.210526 0 2018-01-29 00:23:15 718
1517156596.718376582 -1.67043e-38 2.52952e-20 0.210526 0 2018-01-29 00:23:16 718
1517156597.718398424 -1.67043e-38 2.52952e-20 0.105263 0 2018-01-29 00:23:17 718
1517156598.718376047 -1.67043e-38 2.52952e-20 0.105263 0 2018-01-29 00:23:18 718
1517156599.718394973 -1.67043e-38 2.52952e-20 0.210526 0 2018-01-29 00:23:19 718
1517156600.718372126 -1.67043e-38 2.52952e-20 0.210526 0 2018-01-29 00:23:20 718
1517156601.718402980 -1.67043e-38 2.52952e-20 0.631579 0 2018-01-29 00:23:21 718
1517156602.718635661 -1.67043e-38 2.52952e-20 0.631579 0 2018-01-29 00:23:22 718
1517156603.718512500 -1.67043e-38 2.52952e-20 0.631579 0 2018-01-29 00:23:23 718
1517156604.718366682 -1.67043e-38 2.52952e-20 0.631579 0 2018-01-29 00:23:24 718
1517156605.718394514 -1.67043e-38 2.52952e-20 0.631579 0 2018-01-29 00:23:25 718
1517156606.718390679 -1.67043e-38 2.52952e-20 0.631579 0 2018-01-29 00:23:26 718
1517156607.718323613 -1.67043e-38 2.52952e-20 0.210526 0 2018-01-29 00:23:27 718
1517156608.718377331 -1.67043e-38 2.52952e-20 0.210526 0 2018-01-29 00:23:28 718
1517156609.718412142 -1.67043e-38 2.52952e-20 0.105263 0 2018-01-29 00:23:29 718
1517156610.718383827 -1.67043e-38 2.52952e-20 0.105263 0 2018-01-29 00:23:30 718
1517156611.718386555 -1.67043e-38 2.52952e-20 0.210526 0 2018-01-29 00:23:31 718
1517156612.718362459 -1.67043e-38 2.52952e-20 0.210526 0 2018-01-29 00:23:32 718
1517156613.718479304 -1.67043e-38 2.52952e-20 0.526316 0 2018-01-29 00:23:33 718
1517156614.718376768 -1.67043e-38 2.52952e-20 0.526316 0 2018-01-29 00:23:34 718
1517156615.718389079 -1.67043e-38 2.52952e-20 0.315789 0 2018-01-29 00:23:35 718
1517156616.718376598 -1.67043e-38 2.52952e-20 0.315789 0 2018-01-29 00:23:36 718
1517156617.718397919 -1.67043e-38 2.52952e-20 0.105263 0 2018-01-29 00:23:37 718
1517156618.718696956 -1.67043e-38 2.52952e-20 0.105263 0 2018-01-29 00:23:38 718
1517156619.718705153 -1.67043e-38 2.52952e-20 0 0 2018-01-29 00:23:39 718
1517156620.718382455 -1.67043e-38 2.52952e-20 0 0 2018-01-29 00:23:40 718
1517156621.718398360 -1.67043e-38 2.52952e-20 0.105263 0 2018-01-29 00:23:41 718
1517156622.718384524 -1.67043e-38 2.52952e-20 0.105263 0 2018-01-29 00:23:42 718
1517156623.718553246 -1.67043e-38 2.52952e-20 0.210526 0 2018-01-29 00:23:43 718
1517156624.718319353 -1.67043e-38 2.52952e-20 0.210526 0 2018-01-29 00:23:44 718
1517156625.718394530 -1.67043e-38 2.52952e-20 0.315789 0 2018-01-29 00:23:45 718
1517156626.718374652 -1.67043e-38 2.52952e-20 0.315789 0 2018-01-29 00:23:46 718
1517156627.718408891 -1.67043e-38 2.52952e-20 0.526316 0 2018-01-29 00:23:47 718
1517156628.718370003 -1.67043e-38 2.52952e-20 0.526316 0 2018-01-29 00:23:48 718
1517156629.718482160 -1.67043e-38 2.52952e-20 0.421053 0 2018-01-29 00:23:49 718
1517156630.718393323 -1.67043e-38 2.52952e-20 0.421053 0 2018-01-29 00:23:50 718
1517156631.718409801 -1.67043e-38 2.52952e-20 0.210526 0 2018-01-29 00:23:51 718
1517156632.718468259 -1.67043e-38 2.52952e-20 0.210526 0 2018-01-29 00:23:52 718
1517156633.718386348 -1.67043e-38 2.52952e-20 0.105263 0 2018-01-29 00:23:53 718
1517156634.718395586 -1.67043e-38 2.52952e-20 0.105263 0 2018-01-29 00:23:54 718
1517156635.719762411 -1.67043e-38 2.52952e-20 0.105263 0 2018-01-29 00:23:55 719
1517156636.718618234 -1.67043e-38 2.52952e-20 0.105263 0 2018-01-29 00:23:56 718
1517156637.718395279 -1.67043e-38 2.52952e-20 0.210526 0 2018-01-29 00:23:57 718
1517156638.718381287 -1.67043e-38 2.52952e-20 0.210526 0 2018-01-29 00:23:58 718
1517156639.718909288 -1.67043e-38 2.52952e-20 0.105263 0 2018-01-29 00:23:59 718
1517156640.718878786 -1.67043e-38 2.52952e-20 0.105263 0 2018-01-29 00:24:00 718
1517156641.718414158 -1.67043e-38 2.52952e-20 0.105263 0 2018-01-29 00:24:01 718
1517156642.718378134 -1.67043e-38 2.52952e-20 0.105263 0 2018-01-29 00:24:02 718
1517156643.718412060 -1.67043e-38 2.52952e-20 0.105263 0 2018-01-29 00:24:03 718
1517156644.718705941 -1.67043e-38 2.52952e-20 0.105263 0 2018-01-29 00:24:04 718
1517156645.718474912 -1.67043e-38 2.52952e-20 0.421053 0 2018-01-29 00:24:05 718
1517156646.718384721 -1.67043e-38 2.52952e-20 0.421053 0 2018-01-29 00:24:06 718
1517156647.718426251 -1.67043e-38 2.52952e-20 0.421053 0 2018-01-29 00:24:07 718
1517156648.718368508 -1.67043e-38 2.52952e-20 0.421053 0 2018-01-29 00:24:08 718
1517156649.718407539 -1.67043e-38 2.52952e-20 0.315789 0 2018-01-29 00:24:09 718
1517156650.718387401 -1.67043e-38 2.52952e-20 0.315789 0 2018-01-29 00:24:10 718
1517156651.718410858 -1.67043e-38 2.52952e-20 0.105263 0 2018-01-29 00:24:11 718
1517156652.718386345 -1.67043e-38 2.52952e-20 0.105263 0 2018-01-29 00:24:12 718
1517156653.718421313 -1.67043e-38 2.52952e-20 0.105263 0 2018-01-29 00:24:13 718
1517156654.718376487 -1.67043e-38 2.52952e-20 0.105263 0 2018-01-29 00:24:14 718
1517156655.718402965 -1.67043e-38 2.52952e-20 0.105263 0 2018-01-29 00:24:15 718
1517156656.718389390 -1.67043e-38 2.52952e-20 0.105263 0 2018-01-29 00:24:16 718
1517156657.718408264 -1.67043e-38 2.52952e-20 0.105263 0 2018-01-29 00:24:17 718
1517156658.718346667 -1.67043e-38 2.52952e-20 0.105263 0 2018-01-29 00:24:18 718
1517156659.718399708 -1.67043e-38 2.52952e-20 0.105263 0 2018-01-29 00:24:19 718
1517156660.718308006 -1.67043e-38 2.52952e-20 0.105263 0 2018-01-29 00:24:20 718
1517156661.718548135 -1.67043e-38 2.52952e-20 0.105263 0 2018-01-29 00:24:21 718
1517156662.718389244 -1.67043e-38 2.52952e-20 0.105263 0 2018-01-29 00:24:22 718
1517156663.718394315 -1.67043e-38 2.52952e-20 0.105263 0 2018-01-29 00:24:23 718
1517156664.718378605 -1.67043e-38 2.52952e-20 0.105263 0 2018-01-29 00:24:24 718
1517156665.718404510 -1.67043e-38 2.52952e-20 0.105263 0 2018-01-29 00:24:25 718
1517156666.718349580 -1.67043e-38 2.52952e-20 0.105263 0 2018-01-29 00:24:26 718
1517156667.718710910 -1.67043e-38 2.52952e-20 0.210526 0 2018-01-29 00:24:27 718
1517156668.718374358 -1.67043e-38 2.52952e-20 0.210526 0 2018-01-29 00:24:28 718
1517156669.718398284 -1.67043e-38 2.52952e-20 0.315789 0 2018-01-29 00:24:29 718
1517156670.718537160 -1.67043e-38 2.52952e-20 0.315789 0 2018-01-29 00:24:30 718
1517156671.718451083 -1.67043e-38 2.52952e-20 0.315789 0 2018-01-29 00:24:31 718
1517156672.718392664 -1.67043e-38 2.52952e-20 0.315789 0 2018-01-29 00:24:32 718
1517156673.718403933 -1.67043e-38 2.52952e-20 0.315789 0 2018-01-29 00:24:33 718
1517156674.718374264 -1.67043e-38 2.52952e-20 0.315789 0 2018-01-29 00:24:34 718
1517156675.718400690 -1.67043e-38 2.52952e-20 0.421053 0 2018-01-29 00:24:35 718
1517156676.718408105 -1.67043e-38 2.52952e-20 0.421053 0 2018-01-29 00:24:36 718
1517156677.718417916 -1.67043e-38 2.52952e-20 0.631579 0 2018-01-29 00:24:37 718
1517156678.718522833 -1.67043e-38 2.52952e-20 0.631579 0 2018-01-29 00:24:38 718
1517156679.718359983 -1.67043e-38 2.52952e-20 0.526316 0 2018-01-29 00:24:39 718
1517156680.718363596 -1.67043e-38 2.52952e-20 0.526316 0 2018-01-29 00:24:40 718
1517156681.718392054 -1.67043e-38 2.52952e-20 0.631579 0 2018-01-29 00:24:41 718
1517156682.718372228 -1.67043e-38 2.52952e-20 0.631579 0 2018-01-29 00:24:42 718
1517156683.718391519 -1.67043e-38 2.52952e-20 0.526316 0 2018-01-29 00:24:43 718
1517156684.718371745 -1.67043e-38 2.52952e-20 0.526316 0 2018-01-29 00:24:44 718
1517156685.718396296 -1.67043e-38 2.52952e-20 0.210526 0 2018-01-29 00:24:45 718
1517156686.718377617 -1.67043e-38 2.52952e-20 0.210526 0 2018-01-29 00:24:46 718
1517156687.718402585 -1.67043e-38 2.52952e-20 0.105263 0 2018-01-29 00:24:47 718
1517156688.718395885 -1.67043e-38 2.52952e-20 0.105263 0 2018-01-29 00:24:48 718
1517156689.718305693 -1.67043e-38 2.52952e-20 0.315789 0 2018-01-29 00:24:49 718
1517156690.718393996 -1.67043e-38 2.52952e-20 0.315789 0 2018-01-29 00:24:50 718
1517156691.718393650 -1.67043e-38 2.52952e-20 0.315789 0 2018-01-29 00:24:51 718
1517156692.718376898 -1.67043e-38 2.52952e-20 0.315789 0 2018-01-29 00:24:52 718
1517156693.718473794 -1.67043e-38 2.52952e-20 0.315789 0 2018-01-29 00:24:53 718
1517156694.718383759 -1.67043e-38 2.52952e-20 0.315789 0 2018-01-29 00:24:54 718
1517156695.718394351 -1.67043e-38 2.52952e-20 0.315789 0 2018-01-29 00:24:55 718
1517156696.718357963 -1.67043e-38 2.52952e-20 0.315789 0 2018-01-29 00:24:56 718
1517156697.718401942 -1.67043e-38 2.52952e-20 0.315789 0 2018-01-29 00:24:57 718
1517156698.718383731 -1.67043e-38 2.52952e-20 0.315789 0 2018-01-29 00:24:58 718
1517156699.718752405 -1.67043e-38 2.52952e-20 0.210526 0 2018-01-29 00:24:59 718
1517156700.718367623 -1.67043e-38 2.52952e-20 0.210526 0 2018-01-29 00:25:00 718
1517156701.718408372 -1.67043e-38 2.52952e-20 0.105263 0 2018-01-29 00:25:01 718
1517156702.718332712 -1.67043e-38 2.52952e-20 0.105263 0 2018-01-29 00:25:02 718
1517156703.718397264 -1.67043e-38 2.52952e-20 0.421053 0 2018-01-29 00:25:03 718
1517156704.718424836 -1.67043e-38 2.52952e-20 0.421053 0 2018-01-29 00:25:04 718
1517156705.718462720 -1.67043e-38 2.52952e-20 0.421053 0 2018-01-29 00:25:05 718
1517156706.718370341 -1.67043e-38 2.52952e-20 0.421053 0 2018-01-29 00:25:06 718
1517156707.718390517 -1.67043e-38 2.52952e-20 0.210526 0 2018-01-29 00:25:07 718
1517156708.718372515 -1.67043e-38 2.52952e-20 0.210526 0 2018-01-29 00:25:08 718
1517156709.718472797 -1.67043e-38 2.52952e-20 0.315789 0 2018-01-29 00:25:09 718
1517156710.718937150 -1.67043e-38 2.52952e-20 0.315789 0 2018-01-29 00:25:10 718
1517156711.718528722 -1.67043e-38 2.52952e-20 0.315789 0 2018-01-29 00:25:11 718
1517156712.718374935 -1.67043e-38 2.52952e-20 0.315789 0 2018-01-29 00:25:12 718
1517156713.718449539 -1.67043e-38 2.52952e-20 0.421053 0 2018-01-29 00:25:13 718
1517156714.718397525 -1.67043e-38 2.52952e-20 0.421053 0 2018-01-29 00:25:14 718
1517156715.718423014 -1.67043e-38 2.52952e-20 0.526316 0 2018-01-29 00:25:15 718
1517156716.718388709 -1.67043e-38 2.52952e-20 0.526316 0 2018-01-29 00:25:16 718
1517156717.718420031 -1.67043e-38 2.52952e-20 0.421053 0 2018-01-29 00:25:17 718
1517156718.718367653 -1.67043e-38 2.52952e-20 0.421053 0 2018-01-29 00:25:18 718
1517156719.718410225 -1.67043e-38 2.52952e-20 0.526316 0 2018-01-29 00:25:19 718
1517156720.718442536 -1.67043e-38 2.52952e-20 0.526316 0 2018-01-29 00:25:20 718
1517156721.718399481 -1.67043e-38 2.52952e-20 0.526316 0 2018-01-29 00:25:21 718
1517156722.718373719 -1.67043e-38 2.52952e-20 0.526316 0 2018-01-29 00:25:22 718
1517156723.718393790 -1.67043e-38 2.52952e-20 0.421053 0 2018-01-29 00:25:23 718
1517156724.718368340 -1.67043e-38 2.52952e-20 0.421053 0 2018-01-29 00:25:24 718
1517156725.718405808 -1.67043e-38 2.52952e-20 0.421053 0 2018-01-29 00:25:25 718
1517156726.718785315 -1.67043e-38 2.52952e-20 0.421053 0 2018-01-29 00:25:26 718
1517156727.718399491 -1.67043e-38 2.52952e-20 0.210526 0 2018-01-29 00:25:27 718
1517156728.718392062 -1.67043e-38 2.52952e-20 0.210526 0 2018-01-29 00:25:28 718
1517156729.718402863 -1.67043e-38 2.52952e-20 0.105263 0 2018-01-29 00:25:29 718
1517156730.718376996 -1.67043e-38 2.52952e-20 0.105263 0 2018-01-29 00:25:30 718
1517156731.718426027 -1.67043e-38 2.52952e-20 0.105263 0 2018-01-29 00:25:31 718
1517156732.718522975 -1.67043e-38 2.52952e-20 0.105263 0 2018-01-29 00:25:32 718
1517156733.718840242 -1.67043e-38 2.52952e-20 0.210526 0 2018-01-29 00:25:33 718
1517156734.718369780 -1.67043e-38 2.52952e-20 0.210526 0 2018-01-29 00:25:34 718
1517156735.718473604 -1.67043e-38 2.52952e-20 0.315789 0 2018-01-29 00:25:35 718
1517156736.718386069 -1.67043e-38 2.52952e-20 0.315789 0 2018-01-29 00:25:36 718
1517156737.718465569 -1.67043e-38 2.52952e-20 0.210526 0 2018-01-29 00:25:37 718
1517156738.718373815 -1.67043e-38 2.52952e-20 0.210526 0 2018-01-29 00:25:38 718
1517156739.718398001 -1.67043e-38 2.52952e-20 0.105263 0 2018-01-29 00:25:39 718
1517156740.718375832 -1.67043e-38 2.52952e-20 0.105263 0 2018-01-29 00:25:40 718
1517156741.718503667 -1.67043e-38 2.52952e-20 0.210526 0 2018-01-29 00:25:41 718
1517156742.718374828 -1.67043e-38 2.52952e-20 0.210526 0 2018-01-29 00:25:42 718
1517156743.718383858 -1.67043e-38 2.52952e-20 0.315789 0 2018-01-29 00:25:43 718
1517156744.718398304 -1.67043e-38 2.52952e-20 0.315789 0 2018-01-29 00:25:44 718
1517156745.718399834 -1.67043e-38 2.52952e-20 0.315789 0 2018-01-29 00:25:45 718
1517156746.718689860 -1.67043e-38 2.52952e-20 0.315789 0 2018-01-29 00:25:46 718
1517156747.718395080 -1.67043e-38 2.52952e-20 0.315789 0 2018-01-29 00:25:47 718
1517156748.718369682 -1.67043e-38 2.52952e-20 0.315789 0 2018-01-29 00:25:48 718
1517156749.718392462 -1.67043e-38 2.52952e-20 0.421053 0 2018-01-29 00:25:49 718
1517156750.718307479 -1.67043e-38 2.52952e-20 0.421053 0 2018-01-29 00:25:50 718
1517156751.718357447 -1.67043e-38 2.52952e-20 0.526316 0 2018-01-29 00:25:51 718
1517156752.718408561 -1.67043e-38 2.52952e-20 0.526316 0 2018-01-29 00:25:52 718
1517156753.718392017 -1.67043e-38 2.52952e-20 0.105263 0 2018-01-29 00:25:53 718
1517156754.718344848 -1.67043e-38 2.52952e-20 0.105263 0 2018-01-29 00:25:54 718
1517156755.718406066 -1.67043e-38 2.52952e-20 0.526316 0 2018-01-29 00:25:55 718
1517156756.718369678 -1.67043e-38 2.52952e-20 0.526316 0 2018-01-29 00:25:56 718
1517156757.718559233 -1.67043e-38 2.52952e-20 0.421053 0 2018-01-29 00:25:57 718
1517156758.718387529 -1.67043e-38 2.52952e-20 0.421053 0 2018-01-29 00:25:58 718
1517156759.718402705 -1.67043e-38 2.52952e-20 0.631579 0 2018-01-29 00:25:59 718
1517156760.718852058 -1.67043e-38 2.52952e-20 0.631579 0 2018-01-29 00:26:00 718
1517156761.718468057 -1.67043e-38 2.52952e-20 0.421053 0 2018-01-29 00:26:01 718
1517156762.718363229 -1.67043e-38 2.52952e-20 0.421053 0 2018-01-29 00:26:02 718
1517156763.718442365 -1.67043e-38 2.52952e-20 0.526316 0 2018-01-29 00:26:03 718
1517156764.718386706 -1.67043e-38 2.52952e-20 0.526316 0 2018-01-29 00:26:04 718
1517156765.718542718 -1.67043e-38 2.52952e-20 0.421053 0 2018-01-29 00:26:05 718
1517156766.718397994 -1.67043e-38 2.52952e-20 0.421053 0 2018-01-29 00:26:06 718
1517156767.718371762 -1.67043e-38 2.52952e-20 0.736842 0 2018-01-29 00:26:07 718
1517156768.718452252 -1.67043e-38 2.52952e-20 0.736842 0 2018-01-29 00:26:08 718
1517156769.718421333 -1.67043e-38 2.52952e-20 0.526316 0 2018-01-29 00:26:09 718
1517156770.718450155 -1.67043e-38 2.52952e-20 0.526316 0 2018-01-29 00:26:10 718
1517156771.718410225 -1.67043e-38 2.52952e-20 0.421053 0 2018-01-29 00:26:11 718
1517156772.718374305 0.0113631 1.75418e-05 0.421053 0 2018-01-29 00:26:12 718
1517156773.718402815 0.220268 0.00170052 0.315789 0 2018-01-29 00:26:13 718
1517156774.718549556 0.309056 -0.00282136 0.315789 0 2018-01-29 00:26:14 718
1517156775.718482698 0.481616 -0.0611434 0.315789 0 2018-01-29 00:26:15 718
1517156776.718502458 0.629333 -0.201355 0.315789 0 2018-01-29 00:26:16 718
1517156777.718405651 0.687321 -0.415658 0.210526 0 2018-01-29 00:26:17 718
1517156778.718385982 0.647391 -0.667114 0.210526 0 2018-01-29 00:26:18 718
1517156779.718674342 0.557249 -0.783333 0.526316 0 2018-01-29 00:26:19 718
1517156780.718679049 0.30034 -0.85079 0.526316 0 2018-01-29 00:26:20 718
1517156781.718395935 0.111965 -0.870714 0.736842 0 2018-01-29 00:26:21 718
1517156782.718394861 -0.0685389 -0.788164 0.736842 0 2018-01-29 00:26:22 718
1517156783.718396599 -0.244224 -0.648671 0.631579 0 2018-01-29 00:26:23 718
1517156784.718616363 -0.38429 -0.417914 0.631579 0 2018-01-29 00:26:24 718
1517156785.718415231 -0.399442 -0.388822 0.421053 0 2018-01-29 00:26:25 718
1517156786.718973285 -0.542015 -0.210801 0.421053 0 2018-01-29 00:26:26 718
1517156787.718737152 -0.667135 -0.113615 0.631579 0 2018-01-29 00:26:27 718
1517156788.718369714 -0.811856 0.0769605 0.631579 0 2018-01-29 00:26:28 718
1517156789.718497236 -0.770909 0.126809 0.947368 0 2018-01-29 00:26:29 718
1517156790.718386784 -0.753471 0.129575 0.947368 0 2018-01-29 00:26:30 718
1517156791.718391438 -0.753501 0.129566 0.842105 0 2018-01-29 00:26:31 718
1517156792.718467501 -0.753507 0.129545 0.842105 0 2018-01-29 00:26:32 718
1517156793.718401060 -0.753512 0.129558 0.421053 0 2018-01-29 00:26:33 718
1517156794.718516394 -0.753513 0.129557 0.421053 0 2018-01-29 00:26:34 718
1517156795.718400004 -0.753513 0.129556 0.210526 0 2018-01-29 00:26:35 718
1517156796.718382366 -0.753513 0.129556 0.210526 0 2018-01-29 00:26:36 718
1517156797.718419678 -0.753513 0.129556 0.105263 0 2018-01-29 00:26:37 718
1517156798.718371206 -0.753513 0.129556 0.105263 0 2018-01-29 00:26:38 718
1517156799.718449561 -0.753513 0.129556 0.105263 0 2018-01-29 00:26:39 718
1517156800.718714430 -0.759306 0.158061 0.105263 0 2018-01-29 00:26:40 718
1517156801.718487204 -0.790949 0.318423 0.105263 0 2018-01-29 00:26:41 718
1517156802.718381491 -0.797445 0.476102 0.105263 0 2018-01-29 00:26:42 718
1517156803.718405781 -0.742708 0.646954 0.210526 0 2018-01-29 00:26:43 718
1517156804.718387675 -0.648689 0.745604 0.210526 0 2018-01-29 00:26:44 718
1517156805.718789319 -0.648923 0.745742 0.105263 0 2018-01-29 00:26:45 718
1517156806.718473913 -0.550943 0.802542 0.105263 0 2018-01-29 00:26:46 718
1517156807.718402316 -0.34578 0.835233 0.105263 0 2018-01-29 00:26:47 718
1517156808.718605309 -0.148045 0.741433 0.105263 0 2018-01-29 00:26:48 718
1517156809.718408448 -0.110437 0.704047 0 0 2018-01-29 00:26:49 718
1517156810.718473989 0.0724233 0.555998 0 0 2018-01-29 00:26:50 718
1517156811.718464373 0.214381 0.431669 0.105263 0 2018-01-29 00:26:51 718
1517156812.718693824 0.382803 0.330662 0.105263 0 2018-01-29 00:26:52 718
1517156813.718390971 0.517737 0.350221 0.105263 0 2018-01-29 00:26:53 718
1517156814.718533077 0.594068 0.349136 0.105263 0 2018-01-29 00:26:54 718
1517156815.719023577 0.804222 0.31991 0.105263 0 2018-01-29 00:26:55 718
1517156816.718376080 0.928318 0.234826 0.105263 0 2018-01-29 00:26:56 718
1517156817.718798870 1.0994 0.119473 0.105263 0 2018-01-29 00:26:57 718
1517156818.718346690 1.19028 0.0875162 0.105263 0 2018-01-29 00:26:58 718
1517156819.718411190 1.37527 0.124915 0.526316 0 2018-01-29 00:26:59 718
1517156820.718372719 1.52533 0.159728 0.526316 0 2018-01-29 00:27:00 718
1517156821.718629255 1.74226 0.230251 0.736842 0 2018-01-29 00:27:01 718
1517156822.719117671 1.84998 0.264084 0.736842 0 2018-01-29 00:27:02 718
1517156823.718409652 1.81338 0.301155 1.15789 0 2018-01-29 00:27:03 718
1517156824.718370034 1.81344 0.301159 1.15789 0 2018-01-29 00:27:04 718
1517156825.718401721 1.99487 0.355651 0.842105 0 2018-01-29 00:27:05 718
1517156826.718493409 2.01011 0.359987 0.842105 0 2018-01-29 00:27:06 718
1517156827.718467125 2.0101 0.359986 0.947368 0 2018-01-29 00:27:07 718
1517156828.718388340 2.03429 0.366849 0.947368 0 2018-01-29 00:27:08 718
1517156829.718398307 2.25373 0.422662 1.26316 0 2018-01-29 00:27:09 718
1517156830.718827243 2.33767 0.441191 1.26316 0 2018-01-29 00:27:10 718
1517156831.718400481 2.43013 0.460093 1.68421 0 2018-01-29 00:27:11 718
1517156832.718377166 2.51626 0.475896 1.68421 0 2018-01-29 00:27:12 718
1517156833.718421978 2.5902 0.50485 1.68421 0 2018-01-29 00:27:13 718
1517156834.718371266 2.65597 0.506535 1.68421 0 2018-01-29 00:27:14 718
1517156835.718396494 2.85794 0.506988 0.947368 0 2018-01-29 00:27:15 718
1517156836.718377138 2.86007 0.506949 0.947368 0 2018-01-29 00:27:16 718
1517156837.718405230 2.96753 0.504907 0.947368 0 2018-01-29 00:27:17 718
1517156838.718789842 3.09315 0.499863 0.947368 0 2018-01-29 00:27:18 718
1517156839.718418290 3.09325 0.499871 1.15789 0 2018-01-29 00:27:19 718
1517156840.718387891 3.09324 0.499875 1.15789 0 2018-01-29 00:27:20 718
1517156841.718555987 3.09323 0.499876 1.36842 0 2018-01-29 00:27:21 718
1517156842.718364856 3.09324 0.499876 1.36842 0 2018-01-29 00:27:22 718
1517156843.718824886 3.09334 0.499871 1.15789 0 2018-01-29 00:27:23 718
1517156844.718930846 3.28037 0.48827 1.15789 0 2018-01-29 00:27:24 718
1517156845.718394341 3.5305 0.462705 0.736842 0 2018-01-29 00:27:25 718
1517156846.718371130 3.5322 0.462443 0.736842 0 2018-01-29 00:27:26 718
1517156847.718399796 3.66552 0.439403 1.57895 0 2018-01-29 00:27:27 718
1517156848.718456431 3.76677 0.419386 1.57895 0 2018-01-29 00:27:28 718
1517156849.718457908 3.79015 0.414971 3.47368 0 2018-01-29 00:27:29 718
1517156850.718383029 4.00938 0.367503 3.47368 0 2018-01-29 00:27:30 718
1517156851.718407736 4.06884 0.357921 5.05263 0 2018-01-29 00:27:31 718
1517156852.718512862 4.25677 0.242698 5.05263 0 2018-01-29 00:27:32 718
1517156853.718398712 4.26174 0.237547 5.47368 0 2018-01-29 00:27:33 718
1517156854.718482066 4.35799 0.0994769 5.47368 0 2018-01-29 00:27:34 718
1517156855.718504846 4.3426 -0.0233714 4 0 2018-01-29 00:27:35 718
1517156856.718370695 4.34278 -0.0232817 4 0 2018-01-29 00:27:36 718
1517156857.718403423 4.34284 -0.023259 4.31579 0 2018-01-29 00:27:37 718
1517156858.718376827 4.34285 -0.0232619 4.31579 0 2018-01-29 00:27:38 718
1517156859.718432264 4.32437 -0.175257 4.42105 0 2018-01-29 00:27:39 718
1517156860.718401658 4.24683 -0.318565 4.42105 0 2018-01-29 00:27:40 718
1517156861.718405322 4.22352 -0.321541 5.1579 0 2018-01-29 00:27:41 718
1517156862.718426123 4.11944 -0.493425 5.1579 0 2018-01-29 00:27:42 718
1517156863.718472966 4.0819 -0.724712 6.31579 0 2018-01-29 00:27:43 718
1517156864.718371785 4.12548 -0.728034 6.31579 0 2018-01-29 00:27:44 718
1517156865.718415659 4.0792 -0.541482 6.73684 0 2018-01-29 00:27:45 718
1517156866.718376354 4.13113 -0.659857 6.73684 0 2018-01-29 00:27:46 718
1517156867.718391270 4.30837 -0.789539 6 0 2018-01-29 00:27:47 718
1517156868.718368423 4.46602 -0.896208 6 0 2018-01-29 00:27:48 718
1517156869.718405943 4.66505 -1.03155 4.84211 0 2018-01-29 00:27:49 718
1517156870.718360336 4.84953 -1.15947 4.84211 0 2018-01-29 00:27:50 718
1517156871.718467650 5.00811 -1.29488 4.42105 0 2018-01-29 00:27:51 718
1517156872.718395479 5.18273 -1.44069 4.42105 0 2018-01-29 00:27:52 718
1517156873.718332111 5.29379 -1.59148 4 0 2018-01-29 00:27:53 718
1517156874.718441664 5.29416 -1.61146 4 0 2018-01-29 00:27:54 718
1517156875.718455538 5.29428 -1.61142 2.94737 0 2018-01-29 00:27:55 718
1517156876.718669937 5.31235 -1.70027 2.94737 0 2018-01-29 00:27:56 718
1517156877.718406148 5.3272 -1.90166 3.15789 0 2018-01-29 00:27:57 718
1517156878.718455856 5.32878 -1.96944 3.15789 0 2018-01-29 00:27:58 718
1517156879.718393529 5.33104 -2.15782 1.78947 0 2018-01-29 00:27:59 718
1517156880.718885227 5.31485 -2.31721 1.78947 0 2018-01-29 00:28:00 718
1517156881.718392942 5.31082 -2.31772 1.47368 0 2018-01-29 00:28:01 718
1517156882.718389784 5.3089 -2.33717 1.47368 0 2018-01-29 00:28:02 718
1517156883.718389334 5.28284 -2.55041 0.421053 0 2018-01-29 00:28:03 718
1517156884.718368572 5.26899 -2.63901 0.421053 0 2018-01-29 00:28:04 718
1517156885.718404946 5.23788 -2.80553 0.210526 0 2018-01-29 00:28:05 718
1517156886.718303139 5.20599 -2.95581 0.210526 0 2018-01-29 00:28:06 718
1517156887.718530143 5.19894 -2.93612 0 0 2018-01-29 00:28:07 718
1517156888.718377085 5.18412 -2.99824 0 0 2018-01-29 00:28:08 718
1517156889.718545234 5.138 -3.16683 0 0 2018-01-29 00:28:09 718
1517156890.718366030 5.13792 -3.16717 0 0 2018-01-29 00:28:10 718
1517156891.718468968 5.11603 -3.26027 0.105263 0 2018-01-29 00:28:11 718
1517156892.718388776 5.09451 -3.3765 0.105263 0 2018-01-29 00:28:12 718
1517156893.719198556 5.06171 -3.56403 0.105263 0 2018-01-29 00:28:13 718
1517156894.718385846 5.09463 -3.63205 0.105263 0 2018-01-29 00:28:14 718
1517156895.718390500 5.08833 -3.79374 0.105263 0 2018-01-29 00:28:15 718
1517156896.718377550 5.07689 -4.0338 0.105263 0 2018-01-29 00:28:16 718
1517156897.718389913 5.04875 -4.25129 0 0 2018-01-29 00:28:17 718
1517156898.718654418 4.9858 -4.41069 0 0 2018-01-29 00:28:18 718
1517156899.718390681 4.96189 -4.43587 0 0 2018-01-29 00:28:19 718
1517156900.718539245 4.78445 -4.5395 0 0 2018-01-29 00:28:20 718
1517156901.718406344 4.80187 -4.50596 0 0 2018-01-29 00:28:21 718
1517156902.718448395 4.67934 -4.52872 0 0 2018-01-29 00:28:22 718
1517156903.718894936 4.44584 -4.56299 0 0 2018-01-29 00:28:23 718
1517156904.718321920 4.20697 -4.58658 0 0 2018-01-29 00:28:24 718
1517156905.718394336 3.97714 -4.60938 0 0 2018-01-29 00:28:25 718
1517156906.718371647 3.79936 -4.60059 0 0 2018-01-29 00:28:26 718
1517156907.718815583 3.56177 -4.57697 0.105263 0 2018-01-29 00:28:27 718
1517156908.718376841 3.35031 -4.50917 0.105263 0 2018-01-29 00:28:28 718
1517156909.718410403 3.1659 -4.42813 0.105263 0 2018-01-29 00:28:29 718
1517156910.718379796 2.95851 -4.3227 0.105263 0 2018-01-29 00:28:30 718
1517156911.718413462 2.74635 -4.21074 0.210526 0 2018-01-29 00:28:31 718
1517156912.718374469 2.56662 -4.17446 0.210526 0 2018-01-29 00:28:32 718
1517156913.718408343 2.39972 -4.10919 0.210526 0 2018-01-29 00:28:33 718
1517156914.718386799 2.17551 -4.02245 0.210526 0 2018-01-29 00:28:34 718
1517156915.718431038 2.09178 -3.92987 0.315789 0 2018-01-29 00:28:35 718
1517156916.718444391 1.87611 -3.83011 0.315789 0 2018-01-29 00:28:36 718
1517156917.718424566 1.65905 -3.72395 0.105263 0 2018-01-29 00:28:37 718
1517156918.718373906 1.38246 -3.62925 0.105263 0 2018-01-29 00:28:38 718
1517156919.718672474 1.16023 -3.52312 0.315789 0 2018-01-29 00:28:39 718
1517156920.718374309 1.03393 -3.45593 0.315789 0 2018-01-29 00:28:40 718
1517156921.718404485 1.03398 -3.45596 0.315789 0 2018-01-29 00:28:41 718
1517156922.718385910 0.900937 -3.38162 0.315789 0 2018-01-29 00:28:42 718
1517156923.718398429 0.744251 -3.29893 0.315789 0 2018-01-29 00:28:43 718
1517156924.718434334 0.509287 -3.29179 0.315789 0 2018-01-29 00:28:44 718
1517156925.718402530 0.310982 -3.46689 0.315789 0 2018-01-29 00:28:45 718
1517156926.718860998 0.178891 -3.66629 0.315789 0 2018-01-29 00:28:46 718
1517156927.718405224 0.0973751 -3.94223 0.421053 0 2018-01-29 00:28:47 718
1517156928.718376284 0.182955 -4.16338 0.421053 0 2018-01-29 00:28:48 718
1517156929.719471695 0.419181 -4.29959 0.421053 0 2018-01-29 00:28:49 718
1517156930.718369707 0.6735 -4.29297 0.421053 0 2018-01-29 00:28:50 718
1517156931.718406081 0.676467 -4.29298 0.421053 0 2018-01-29 00:28:51 718
1517156932.718395475 0.676351 -4.2931 0.421053 0 2018-01-29 00:28:52 718
1517156933.718729044 0.800613 -4.29033 0.210526 0 2018-01-29 00:28:53 718
1517156934.718501089 1.04047 -4.2864 0.210526 0 2018-01-29 00:28:54 718
1517156935.718741479 1.27609 -4.28783 0.210526 0 2018-01-29 00:28:55 718
1517156936.718388728 1.51712 -4.2626 0.210526 0 2018-01-29 00:28:56 718
1517156937.718416560 1.75977 -4.27291 0.210526 0 2018-01-29 00:28:57 718
1517156938.718380016 1.99702 -4.28546 0.210526 0 2018-01-29 00:28:58 718
1517156939.718406442 2.19848 -4.29369 0.105263 0 2018-01-29 00:28:59 718
1517156940.718400107 2.439 -4.31711 0.105263 0 2018-01-29 00:29:00 718
1517156941.718325541 2.67841 -4.34551 0.105263 0 2018-01-29 00:29:01 718
1517156942.718384363 2.9253 -4.3777 0.105263 0 2018-01-29 00:29:02 718
1517156943.718407351 3.15927 -4.42091 0.210526 0 2018-01-29 00:29:03 718
1517156944.718740504 3.397 -4.46807 0.210526 0 2018-01-29 00:29:04 718
1517156945.718480308 3.58626 -4.47665 0.526316 0 2018-01-29 00:29:05 718
1517156946.718381262 3.79826 -4.48919 0.526316 0 2018-01-29 00:29:06 718
1517156947.718407584 4.03834 -4.50473 0.421053 0 2018-01-29 00:29:07 718
1517156948.718385102 4.26779 -4.47764 0.421053 0 2018-01-29 00:29:08 718
1517156949.718414549 4.50768 -4.4946 0.526316 0 2018-01-29 00:29:09 718
1517156950.718451496 4.74667 -4.51628 0.526316 0 2018-01-29 00:29:10 718
1517156951.718422869 4.9446 -4.50548 0.526316 0 2018-01-29 00:29:11 718
1517156952.718371480 5.16706 -4.40889 0.526316 0 2018-01-29 00:29:12 718
1517156953.718436188 5.26521 -4.30952 0.526316 0 2018-01-29 00:29:13 718
1517156954.718388446 5.28488 -4.1184 0.526316 0 2018-01-29 00:29:14 718
1517156955.718530187 5.29965 -4.05448 0.736842 0 2018-01-29 00:29:15 718
1517156956.718396244 5.30124 -3.84133 0.736842 0 2018-01-29 00:29:16 718
1517156957.718403607 5.25116 -3.63422 0.526316 0 2018-01-29 00:29:17 718
1517156958.718367063 5.23903 -3.39131 0.526316 0 2018-01-29 00:29:18 718
1517156959.718406614 5.23212 -3.15365 0.105263 0 2018-01-29 00:29:19 718
1517156960.718434603 5.21891 -2.90501 0.105263 0 2018-01-29 00:29:20 718
1517156961.718639366 5.22411 -2.66958 0.105263 0 2018-01-29 00:29:21 718
1517156962.718345159 5.23261 -2.42909 0.105263 0 2018-01-29 00:29:22 718
1517156963.718413149 5.23983 -2.23788 0.210526 0 2018-01-29 00:29:23 718
1517156964.718374729 5.24905 -2.15503 0.210526 0 2018-01-29 00:29:24 718
1517156965.718395582 5.28066 -2.02055 0.105263 0 2018-01-29 00:29:25 718
1517156966.718434509 5.34535 -1.79114 0.105263 0 2018-01-29 00:29:26 718
1517156967.718661877 5.39614 -1.665 0.210526 0 2018-01-29 00:29:27 718
1517156968.718521997 5.40904 -1.48467 0.210526 0 2018-01-29 00:29:28 718
1517156969.718405242 5.41163 -1.25697 0.315789 0 2018-01-29 00:29:29 718
1517156970.718415261 5.36267 -1.00335 0.315789 0 2018-01-29 00:29:30 718
1517156971.718548409 5.23871 -0.778171 1.47368 0 2018-01-29 00:29:31 718
1517156972.718931562 5.06275 -0.618424 1.47368 0 2018-01-29 00:29:32 718
1517156973.718406829 4.73915 -0.635297 2.73684 0 2018-01-29 00:29:33 718
1517156974.718354086 4.48063 -0.75695 2.73684 0 2018-01-29 00:29:34 718
1517156975.718511348 4.39894 -0.821124 3.47368 0 2018-01-29 00:29:35 718
1517156976.718373760 4.45947 -0.837328 3.47368 0 2018-01-29 00:29:36 718
1517156977.718469510 4.45944 -0.837253 3.89474 0 2018-01-29 00:29:37 718
1517156978.718384788 4.45111 -0.845449 3.89474 0 2018-01-29 00:29:38 718
1517156979.718454236 4.38723 -0.900856 3.89474 0 2018-01-29 00:29:39 718
1517156980.718370034 4.19993 -0.994086 3.89474 0 2018-01-29 00:29:40 718
1517156981.718395783 4.1732 -0.999248 4.63158 0 2018-01-29 00:29:41 718
1517156982.718451532 4.17323 -0.999315 4.63158 0 2018-01-29 00:29:42 718
1517156983.718400717 4.03219 -1.02528 5.26316 0 2018-01-29 00:29:43 718
1517156984.718387141 3.80872 -1.0557 5.26316 0 2018-01-29 00:29:44 718
1517156985.718803473 3.80389 -1.03347 5.47368 0 2018-01-29 00:29:45 718
1517156986.718380617 3.80389 -1.03348 5.47368 0 2018-01-29 00:29:46 718
1517156987.718335843 3.66825 -1.03853 4.73684 0 2018-01-29 00:29:47 718
1517156988.719029057 3.43298 -1.03955 4.73684 0 2018-01-29 00:29:48 718
1517156989.718422498 3.36911 -1.03895 3.68421 0 2018-01-29 00:29:49 718
1517156990.718372255 3.35606 -1.03906 3.68421 0 2018-01-29 00:29:50 718
1517156991.718405244 3.18204 -1.05201 2 0 2018-01-29 00:29:51 718
1517156992.718366356 2.98629 -1.02326 2 0 2018-01-29 00:29:52 718
1517156993.718476742 2.88766 -1.01405 1.05263 0 2018-01-29 00:29:53 718
1517156994.718371758 2.79812 -0.981373 1.05263 0 2018-01-29 00:29:54 718
1517156995.718494489 2.57578 -0.892116 1.36842 0 2018-01-29 00:29:55 718
1517156996.718873424 2.51225 -0.865201 1.36842 0 2018-01-29 00:29:56 718
1517156997.718403118 2.51228 -0.865228 1.68421 0 2018-01-29 00:29:57 718
1517156998.718930599 2.36648 -0.801337 1.68421 0 2018-01-29 00:29:58 718
1517156999.718427376 2.2305 -0.759963 1.36842 0 2018-01-29 00:29:59 718
1517157000.718385258 2.22578 -0.757964 1.36842 0 2018-01-29 00:30:00 718
1517157001.718389653 2.05629 -0.681534 1.15789 0 2018-01-29 00:30:01 718
1517157002.718381025 2.0159 -0.661613 1.15789 0 2018-01-29 00:30:02 718
1517157003.718403910 2.0102 -0.658835 1.57895 0 2018-01-29 00:30:03 718
1517157004.718384032 1.93492 -0.613936 1.57895 0 2018-01-29 00:30:04 718
1517157005.718381343 1.92163 -0.605258 1.36842 0 2018-01-29 00:30:05 718
1517157006.718472302 1.72062 -0.516622 1.36842 0 2018-01-29 00:30:06 718
1517157007.718407319 1.6314 -0.504892 1.78947 0 2018-01-29 00:30:07 718
1517157008.718367754 1.52899 -0.509204 1.78947 0 2018-01-29 00:30:08 718
1517157009.718411732 1.30815 -0.52523 2 0 2018-01-29 00:30:09 718
1517157010.718491180 1.07105 -0.537434 2 0 2018-01-29 00:30:10 718
1517157011.718473282 0.83485 -0.574238 1.78947 0 2018-01-29 00:30:11 718
1517157012.718371788 0.623071 -0.573975 1.78947 0 2018-01-29 00:30:12 718
1517157013.718738067 0.401714 -0.503627 1.15789 0 2018-01-29 00:30:13 718
1517157014.718889496 0.260948 -0.32466 1.15789 0 2018-01-29 00:30:14 718
1517157015.718363668 0.234638 -0.0955241 1.15789 0 2018-01-29 00:30:15 718
1517157016.718377802 0.377273 0.105483 1.15789 0 2018-01-29 00:30:16 718
1517157017.718401728 0.557844 0.236744 0.842105 0 2018-01-29 00:30:17 718
1517157018.718973116 0.641352 0.252885 0.842105 0 2018-01-29 00:30:18 718
1517157019.719441480 0.809742 0.256672 0.315789 0 2018-01-29 00:30:19 718
1517157020.718379545 1.05232 0.256914 0.315789 0 2018-01-29 00:30:20 718
1517157021.718401544 1.23869 0.249994 0.315789 0 2018-01-29 00:30:21 718
1517157022.718456304 1.42562 0.215532 0.315789 0 2018-01-29 00:30:22 718
1517157023.718396582 1.45375 0.228458 0.526316 0 2018-01-29 00:30:23 718
1517157024.718378059 1.45377 0.228542 0.526316 0 2018-01-29 00:30:24 718
1517157025.718762879 1.45377 0.228566 0.736842 0 2018-01-29 00:30:25 718
1517157026.718370909 1.45376 0.228578 0.736842 0 2018-01-29 00:30:26 718
1517157027.718394366 1.45377 0.228575 0.526316 0 2018-01-29 00:30:27 718
1517157028.718376103 1.45377 0.228575 0.526316 0 2018-01-29 00:30:28 718
1517157029.718403831 1.45377 0.228575 0.736842 0 2018-01-29 00:30:29 718
1517157030.718758807 1.45378 0.228575 0.736842 0 2018-01-29 00:30:30 718
1517157031.718401369 1.45377 0.228575 1.15789 0 2018-01-29 00:30:31 718
1517157032.718554517 1.45378 0.228575 1.15789 0 2018-01-29 00:30:32 718
1517157033.718556359 1.45378 0.228575 1.26316 0 2018-01-29 00:30:33 718
1517157034.718373249 1.45378 0.228575 1.26316 0 2018-01-29 00:30:34 718
1517157035.718958855 1.45378 0.228575 0.842105 0 2018-01-29 00:30:35 718
1517157036.718401673 1.45378 0.228575 0.842105 0 2018-01-29 00:30:36 718
1517157037.718387421 1.45378 0.228575 0.421053 0 2018-01-29 00:30:37 718
1517157038.718402284 1.45378 0.228575 0.421053 0 2018-01-29 00:30:38 718
1517157039.718546057 1.45378 0.228575 0.421053 0 2018-01-29 00:30:39 718
1517157040.718396124 1.45378 0.228575 0.421053 0 2018-01-29 00:30:40 718
1517157041.718403279 1.45378 0.228575 0.421053 0 2018-01-29 00:30:41 718
1517157042.718409339 1.48418 0.212028 0.421053 0 2018-01-29 00:30:42 718
1517157043.718397379 1.607 0.0978894 0.736842 0 2018-01-29 00:30:43 718
1517157044.718369949 1.5949 0.0782142 0.736842 0 2018-01-29 00:30:44 718
1517157045.718402834 1.61262 0.040911 1.05263 0 2018-01-29 00:30:45 718
1517157046.718370925 1.62762 -0.0124411 1.05263 0 2018-01-29 00:30:46 718
1517157047.718426414 1.63192 -0.0552624 1.26316 0 2018-01-29 00:30:47 718
1517157048.718405703 1.63196 -0.0552239 1.26316 0 2018-01-29 00:30:48 718
1517157049.718407181 1.63093 -0.0776557 4.94737 0 2018-01-29 00:30:49 718
1517157050.718379855 1.60924 -0.0930431 4.94737 0 2018-01-29 00:30:50 718
1517157051.718813271 1.60053 -0.0931805 72.1053 0 2018-01-29 00:30:51 718
1517157052.718331246 1.59568 -0.108066 72.1053 0 2018-01-29 00:30:52 718
1517157053.718419809 1.59189 -0.11592 94.0351 0 2018-01-29 00:30:53 718
1517157054.718355087 1.5919 -0.115923 94.0351 0 2018-01-29 00:30:54 718
1517157055.718397503 1.5919 -0.115925 151.842 0 2018-01-29 00:30:55 718
1517157056.718382365 1.58402 -0.13361 151.842 0 2018-01-29 00:30:56 718
1517157057.718392749 1.57842 -0.149777 151.974 0 2018-01-29 00:30:57 718
1517157058.718390737 1.57772 -0.151899 151.974 0 2018-01-29 00:30:58 718
1517157059.718531697 1.57075 -0.172184 152.947 0 2018-01-29 00:30:59 718
1517157060.718373379 1.56908 -0.17707 152.947 0 2018-01-29 00:31:00 718
1517157061.718409388 1.54715 -0.239189 158.737 0 2018-01-29 00:31:01 718
1517157062.718741291 1.54124 -0.255297 158.737 0 2018-01-29 00:31:02 718
1517157063.718459584 1.53549 -0.270688 178.947 0 2018-01-29 00:31:03 718
1517157064.718378455 1.53316 -0.276869 178.947 0 2018-01-29 00:31:04 718
1517157065.718468476 1.53316 -0.27688 188.737 0 2018-01-29 00:31:05 718
1517157066.718375733 1.53316 -0.276879 188.737 0 2018-01-29 00:31:06 718
1517157067.718463254 1.53316 -0.276878 200.526 0 2018-01-29 00:31:07 718
1517157068.718809323 1.53316 -0.276879 200.526 0 2018-01-29 00:31:08 718
1517157069.718354018 1.53316 -0.276878 203.579 0 2018-01-29 00:31:09 718
1517157070.718370392 1.53316 -0.276878 203.579 0 2018-01-29 00:31:10 718
1517157071.718395047 1.53316 -0.276879 209.368 0 2018-01-29 00:31:11 718
1517157072.718389753 1.53316 -0.276879 209.368 0 2018-01-29 00:31:12 718
1517157073.718472170 1.53316 -0.276879 208.632 0 2018-01-29 00:31:13 718
1517157074.718393542 1.5262 -0.295173 208.632 0 2018-01-29 00:31:14 718
1517157075.718398509 1.50096 -0.359275 211.263 0 2018-01-29 00:31:15 718
1517157076.718385454 1.50097 -0.359268 211.263 0 2018-01-29 00:31:16 718
1517157077.718399068 1.50097 -0.359273 207.263 0 2018-01-29 00:31:17 718
1517157078.718365961 1.50097 -0.359272 207.263 0 2018-01-29 00:31:18 718
1517157079.718414314 1.50097 -0.359273 192 0 2018-01-29 00:31:19 718
1517157080.718384801 1.50097 -0.359273 192 0 2018-01-29 00:31:20 718
1517157081.718390914 1.50097 -0.359272 189.368 0 2018-01-29 00:31:21 718
1517157082.718384527 1.50073 -0.359845 189.368 0 2018-01-29 00:31:22 718
1517157083.718411890 1.47371 -0.423872 194.316 0 2018-01-29 00:31:23 718
1517157084.718530558 1.47366 -0.423986 194.316 0 2018-01-29 00:31:24 718
1517157085.718419793 1.47366 -0.423996 47.6316 0 2018-01-29 00:31:25 718
1517157086.718372988 1.47366 -0.423994 47.6316 0 2018-01-29 00:31:26 718
1517157087.718392122 1.47365 -0.423998 10 0 2018-01-29 00:31:27 718
1517157088.718430163 1.47366 -0.423998 10 0 2018-01-29 00:31:28 718
1517157089.718402890 1.47366 -0.423998 9.47368 0 2018-01-29 00:31:29 718
1517157090.718395200 1.47366 -0.423998 9.47368 0 2018-01-29 00:31:30 718
1517157091.718411574 1.47366 -0.423998 11.0526 0 2018-01-29 00:31:31 718
1517157092.718373779 1.47366 -0.423998 11.0526 0 2018-01-29 00:31:32 718
1517157093.718464009 1.47366 -0.423998 10.6316 0 2018-01-29 00:31:33 718
1517157094.718385589 1.46425 -0.44577 10.6316 0 2018-01-29 00:31:34 718
1517157095.718413733 1.43933 -0.501587 9.68421 0 2018-01-29 00:31:35 718
1517157096.718383075 1.43933 -0.50159 9.68421 0 2018-01-29 00:31:36 718
1517157097.718407261 1.43934 -0.501581 7.36842 0 2018-01-29 00:31:37 718
1517157098.718393582 1.43933 -0.501589 7.36842 0 2018-01-29 00:31:38 718
1517157099.718392611 1.43933 -0.501588 5.36842 0 2018-01-29 00:31:39 718
1517157100.718378515 1.43933 -0.501588 5.36842 0 2018-01-29 00:31:40 718
1517157101.718409837 1.43933 -0.501588 3.26316 0 2018-01-29 00:31:41 718
1517157102.718394960 1.43933 -0.501588 3.26316 0 2018-01-29 00:31:42 718
1517157103.718403625 1.43933 -0.501588 3.68421 0 2018-01-29 00:31:43 718
1517157104.718386039 1.43239 -0.51682 3.68421 0 2018-01-29 00:31:44 718
1517157105.718390798 1.40676 -0.572009 3.78947 0 2018-01-29 00:31:45 718
1517157106.718528268 1.39738 -0.592067 3.78947 0 2018-01-29 00:31:46 718
1517157107.718399847 1.35281 -0.683776 3.26316 0 2018-01-29 00:31:47 718
1517157108.718385178 1.31983 -0.748705 3.26316 0 2018-01-29 00:31:48 718
1517157109.718405822 1.3272 -0.7789 2.31579 0 2018-01-29 00:31:49 718
1517157110.718382195 1.32721 -0.778896 2.31579 0 2018-01-29 00:31:50 718
1517157111.718763265 1.32721 -0.778895 1.57895 0 2018-01-29 00:31:51 718
1517157112.718393588 1.29799 -0.83062 1.57895 0 2018-01-29 00:31:52 718
1517157113.718637831 1.2681 -0.881615 0.842105 0 2018-01-29 00:31:53 718
1517157114.718395813 1.2681 -0.881616 0.842105 0 2018-01-29 00:31:54 718
1517157115.718416354 1.2681 -0.881622 0.736842 0 2018-01-29 00:31:55 718
1517157116.718373351 1.25342 -0.905955 0.736842 0 2018-01-29 00:31:56 718
1517157117.718410506 1.19812 -0.996212 0.631579 0 2018-01-29 00:31:57 718
1517157118.718385785 1.16942 -1.08887 0.631579 0 2018-01-29 00:31:58 718
1517157119.718494192 1.18717 -1.18977 0.526316 0 2018-01-29 00:31:59 718
1517157120.718440512 1.3317 -1.27737 0.526316 0 2018-01-29 00:32:00 718
1517157121.718420582 1.44309 -1.26663 0.526316 0 2018-01-29 00:32:01 718
1517157122.718777173 1.54065 -1.24971 0.526316 0 2018-01-29 00:32:02 718
1517157123.718401818 1.60083 -1.15229 0.315789 0 2018-01-29 00:32:03 718
1517157124.718389649 1.59595 -1.06685 0.315789 0 2018-01-29 00:32:04 718
1517157125.718405502 1.59604 -1.06704 0.210526 0 2018-01-29 00:32:05 718
1517157126.718368280 1.60267 -1.0382 0.210526 0 2018-01-29 00:32:06 718
1517157127.718419134 1.62659 -0.935872 0.315789 0 2018-01-29 00:32:07 718
1517157128.718377798 1.65109 -0.84041 0.315789 0 2018-01-29 00:32:08 718
1517157129.718392973 1.67585 -0.768423 0.526316 0 2018-01-29 00:32:09 718
1517157130.718373930 1.70677 -0.688583 0.526316 0 2018-01-29 00:32:10 718
1517157131.718409418 1.70705 -0.687871 0.736842 0 2018-01-29 00:32:11 718
1517157132.718322195 1.71153 -0.676493 0.736842 0 2018-01-29 00:32:12 718
1517157133.718411279 1.74098 -0.603967 1.05263 0 2018-01-29 00:32:13 718
1517157134.718387496 1.74097 -0.603972 1.05263 0 2018-01-29 00:32:14 718
1517157135.718407567 1.74097 -0.603972 1.89474 0 2018-01-29 00:32:15 718
1517157136.718376804 1.74097 -0.603972 1.89474 0 2018-01-29 00:32:16 718
1517157137.718690685 1.74107 -0.603733 3.26316 0 2018-01-29 00:32:17 718
1517157138.718378717 1.77764 -0.520457 3.26316 0 2018-01-29 00:32:18 718
1517157139.718392487 1.78037 -0.514494 3.57895 0 2018-01-29 00:32:19 718
1517157140.718368911 1.78036 -0.5145 3.57895 0 2018-01-29 00:32:20 718
1517157141.718395962 1.78036 -0.514504 4.63158 0 2018-01-29 00:32:21 718
1517157142.718381918 1.78036 -0.514498 4.63158 0 2018-01-29 00:32:22 718
1517157143.718401886 1.80004 -0.471476 5.36842 0 2018-01-29 00:32:23 718
1517157144.718389248 1.79866 -0.428764 5.36842 0 2018-01-29 00:32:24 718
1517157145.718400674 1.79865 -0.428767 82.6316 0 2018-01-29 00:32:25 718
1517157146.718375536 1.79865 -0.428772 82.6316 0 2018-01-29 00:32:26 718
1517157147.718386285 1.79865 -0.428771 115.088 0 2018-01-29 00:32:27 718
1517157148.718423284 1.79865 -0.42877 115.088 0 2018-01-29 00:32:28 718
1517157149.718717425 1.79865 -0.428769 119.684 0 2018-01-29 00:32:29 718
1517157150.718357956 1.80156 -0.423514 119.684 0 2018-01-29 00:32:30 718
1517157151.718400319 1.84662 -0.343819 125.474 0 2018-01-29 00:32:31 718
1517157152.718366692 1.8467 -0.343686 125.474 0 2018-01-29 00:32:32 718
1517157153.718404316 1.8467 -0.34368 118.526 0 2018-01-29 00:32:33 718
1517157154.719131697 1.8467 -0.343683 118.526 0 2018-01-29 00:32:34 719
1517157155.718474251 1.8467 -0.343685 116.526 0 2018-01-29 00:32:35 718
1517157156.718374528 1.8467 -0.343682 116.526 0 2018-01-29 00:32:36 718
1517157157.718416215 1.8467 -0.343682 109.053 0 2018-01-29 00:32:37 718
1517157158.718337430 1.8467 -0.343682 109.053 0 2018-01-29 00:32:38 718
1517157159.718557455 1.86039 -0.32039 111.263 0 2018-01-29 00:32:39 718
1517157160.718392209 1.89894 -0.256307 111.263 0 2018-01-29 00:32:40 718
1517157161.718407645 1.89905 -0.256128 105.895 0 2018-01-29 00:32:41 718
1517157162.718351673 1.89905 -0.25613 105.895 0 2018-01-29 00:32:42 718
1517157163.718997281 1.89904 -0.256134 101.368 0 2018-01-29 00:32:43 718
1517157164.718408796 1.89905 -0.256131 101.368 0 2018-01-29 00:32:44 718
1517157165.718825180 1.89905 -0.25613 97.3684 0 2018-01-29 00:32:45 718
1517157166.718367791 1.93503 -0.197554 97.3684 0 2018-01-29 00:32:46 718
1517157167.718394686 1.94785 -0.17727 98.5263 0 2018-01-29 00:32:47 718
1517157168.718380434 1.94785 -0.177275 98.5263 0 2018-01-29 00:32:48 718
1517157169.718396026 1.94785 -0.177265 94.7368 0 2018-01-29 00:32:49 718
1517157170.718382035 1.94785 -0.177265 94.7368 0 2018-01-29 00:32:50 718
1517157171.718502473 1.94785 -0.177265 86.6316 0 2018-01-29 00:32:51 718
1517157172.718391656 1.94785 -0.177265 86.6316 0 2018-01-29 00:32:52 718
1517157173.718424957 1.94785 -0.177265 82.3158 0 2018-01-29 00:32:53 718
1517157174.718364350 1.98748 -0.116004 82.3158 0 2018-01-29 00:32:54 718
1517157175.718945321 2.00694 -0.0866912 79.3684 0 2018-01-29 00:32:55 718
1517157176.718868932 2.00694 -0.0866879 79.3684 0 2018-01-29 00:32:56 718
1517157177.718496129 2.00695 -0.0866843 76.3158 0 2018-01-29 00:32:57 718
1517157178.718374062 2.00694 -0.0866868 76.3158 0 2018-01-29 00:32:58 718
1517157179.718405331 2.00694 -0.0866865 65.0526 0 2018-01-29 00:32:59 718
1517157180.718363631 2.00694 -0.0866865 65.0526 0 2018-01-29 00:33:00 718
1517157181.718397140 2.01987 -0.0673198 65.6842 0 2018-01-29 00:33:01 718
1517157182.718381898 2.07757 0.0172888 65.6842 0 2018-01-29 00:33:02 718
1517157183.718403585 2.08842 0.0322537 60.2105 0 2018-01-29 00:33:03 718
1517157184.718364540 2.08841 0.0322475 60.2105 0 2018-01-29 00:33:04 718
1517157185.718751236 2.08841 0.0322511 7.10526 0 2018-01-29 00:33:05 718
1517157186.718384631 2.08841 0.0322491 7.10526 0 2018-01-29 00:33:06 718
1517157187.718412150 2.08841 0.0322494 6.97368 0 2018-01-29 00:33:07 718
1517157188.718372012 2.08862 0.032532 6.97368 0 2018-01-29 00:33:08 718
1517157189.718400678 2.14114 0.103861 7.26316 0 2018-01-29 00:33:09 718
1517157190.718738518 2.16786 0.139198 7.26316 0 2018-01-29 00:33:10 718
1517157191.718954740 2.16373 0.147474 5.57895 0 2018-01-29 00:33:11 718
1517157192.718375682 2.16374 0.147487 5.57895 0 2018-01-29 00:33:12 718
1517157193.718398671 2.16374 0.147488 4.42105 0 2018-01-29 00:33:13 718
1517157194.718379418 2.16374 0.147488 4.42105 0 2018-01-29 00:33:14 718
1517157195.718628506 2.16374 0.147488 1.68421 0 2018-01-29 00:33:15 718
1517157196.718392946 2.1661 0.150581 1.68421 0 2018-01-29 00:33:16 718
1517157197.718407080 2.22564 0.22673 2 0 2018-01-29 00:33:17 718
1517157198.718382828 2.23096 0.233357 2 0 2018-01-29 00:33:18 718
1517157199.718414514 2.23096 0.233362 1.78947 0 2018-01-29 00:33:19 718
1517157200.718370678 2.23096 0.233361 1.78947 0 2018-01-29 00:33:20 718
1517157201.718408771 2.23096 0.233362 1.78947 0 2018-01-29 00:33:21 718
1517157202.718369362 2.23096 0.233361 1.78947 0 2018-01-29 00:33:22 718
1517157203.718384694 2.28517 0.299424 0.947368 0 2018-01-29 00:33:23 718
1517157204.718484455 2.3473 0.371889 0.947368 0 2018-01-29 00:33:24 718
1517157205.718406295 2.39435 0.441671 1.68421 0 2018-01-29 00:33:25 718
1517157206.718331052 2.41656 0.512976 1.68421 0 2018-01-29 00:33:26 718
1517157207.718403052 2.44396 0.614434 1.57895 0 2018-01-29 00:33:27 718
1517157208.718372966 2.46666 0.696987 1.57895 0 2018-01-29 00:33:28 718
1517157209.718817371 2.46843 0.703532 1.05263 0 2018-01-29 00:33:29 718
1517157210.718653740 2.47331 0.768116 1.05263 0 2018-01-29 00:33:30 718
1517157211.718765220 2.42733 0.849951 1.05263 0 2018-01-29 00:33:31 718
1517157212.718397417 2.41711 0.951778 1.05263 0 2018-01-29 00:33:32 718
1517157213.718394468 2.41629 0.961604 1.26316 0 2018-01-29 00:33:33 718
1517157214.718377715 2.42141 0.899493 1.26316 0 2018-01-29 00:33:34 718
1517157215.718393724 2.42939 0.799526 1.26316 0 2018-01-29 00:33:35 718
1517157216.718384941 2.43895 0.698978 1.26316 0 2018-01-29 00:33:36 718
1517157217.718403659 2.44116 0.67989 0.315789 0 2018-01-29 00:33:37 718
1517157218.718379614 2.44115 0.679893 0.315789 0 2018-01-29 00:33:38 718
1517157219.718403176 2.44115 0.679899 0.315789 0 2018-01-29 00:33:39 718
1517157220.718322411 2.44115 0.679899 0.315789 0 2018-01-29 00:33:40 718
1517157221.718402745 2.44115 0.679897 0.315789 0 2018-01-29 00:33:41 718
1517157222.718711782 2.44115 0.679898 0.315789 0 2018-01-29 00:33:42 718
1517157223.718920661 2.44226 0.668476 0.421053 0 2018-01-29 00:33:43 718
1517157224.718369364 2.45281 0.558122 0.421053 0 2018-01-29 00:33:44 718
1517157225.718405946 2.46338 0.463281 0.421053 0 2018-01-29 00:33:45 718
1517157226.718911238 2.46756 0.452648 0.421053 0 2018-01-29 00:33:46 718
1517157227.718466455 2.46755 0.45264 0.526316 0 2018-01-29 00:33:47 718
1517157228.718589237 2.46755 0.452644 0.526316 0 2018-01-29 00:33:48 718
1517157229.718407845 2.46755 0.452642 1.26316 0 2018-01-29 00:33:49 718
1517157230.718377186 2.46929 0.442924 1.26316 0 2018-01-29 00:33:50 718
1517157231.718464395 2.49032 0.335394 1.78947 0 2018-01-29 00:33:51 718
1517157232.718347276 2.49499 0.313997 1.78947 0 2018-01-29 00:33:52 718
1517157233.718476413 2.49499 0.314 1.78947 0 2018-01-29 00:33:53 718
1517157234.718384554 2.49499 0.314003 1.78947 0 2018-01-29 00:33:54 718
1517157235.718410095 2.49499 0.314002 1.26316 0 2018-01-29 00:33:55 718
1517157236.718373342 2.50224 0.283418 1.26316 0 2018-01-29 00:33:56 718
1517157237.718402633 2.52737 0.185342 1.05263 0 2018-01-29 00:33:57 718
1517157238.718427757 2.53731 0.149047 1.05263 0 2018-01-29 00:33:58 718
1517157239.718457099 2.53731 0.149045 5.78947 0 2018-01-29 00:33:59 718
1517157240.718369356 2.53731 0.149042 5.78947 0 2018-01-29 00:34:00 718
1517157241.718418699 2.53731 0.149046 16 0 2018-01-29 00:34:01 718
1517157242.718501689 2.53731 0.14904 16 0 2018-01-29 00:34:02 718
1517157243.718398372 2.55629 0.0830351 21.4737 0 2018-01-29 00:34:03 718
1517157244.718562145 2.57107 0.0344931 21.4737 0 2018-01-29 00:34:04 718
1517157245.718407056 2.57106 0.0345016 21.3684 0 2018-01-29 00:34:05 718
1517157246.718369939 2.57106 0.0345021 21.3684 0 2018-01-29 00:34:06 718
1517157247.718499961 2.57106 0.0345001 19.0526 0 2018-01-29 00:34:07 718
1517157248.718379977 2.57106 0.0345017 19.0526 0 2018-01-29 00:34:08 718
1517157249.718487499 2.57106 0.0345012 20.1053 0 2018-01-29 00:34:09 718
1517157250.718352046 2.59732 -0.0487093 20.1053 0 2018-01-29 00:34:10 718
1517157251.718398837 2.61658 -0.105841 20.6316 0 2018-01-29 00:34:11 718
1517157252.718375313 2.61658 -0.105847 20.6316 0 2018-01-29 00:34:12 718
1517157253.718553201 2.61657 -0.105848 21.6842 0 2018-01-29 00:34:13 718
1517157254.718474364 2.61657 -0.105847 21.6842 0 2018-01-29 00:34:14 718
1517157255.718408184 2.61657 -0.105847 22.8421 0 2018-01-29 00:34:15 718
1517157256.718383567 2.61657 -0.105846 22.8421 0 2018-01-29 00:34:16 718
1517157257.718395774 2.61657 -0.105846 20.8421 0 2018-01-29 00:34:17 718
1517157258.718381001 2.61657 -0.105846 20.8421 0 2018-01-29 00:34:18 718
1517157259.718406072 2.61657 -0.105846 22.7368 0 2018-01-29 00:34:19 718
1517157260.718468697 2.64099 -0.174573 22.7368 0 2018-01-29 00:34:20 718
1517157261.718367516 2.67201 -0.247175 23.8947 0 2018-01-29 00:34:21 718
1517157262.718375139 2.71828 -0.254535 23.8947 0 2018-01-29 00:34:22 718
1517157263.718403909 2.71827 -0.254526 24.1053 0 2018-01-29 00:34:23 718
1517157264.718372729 2.71828 -0.254538 24.1053 0 2018-01-29 00:34:24 718
1517157265.718535617 2.71827 -0.254533 22.7368 0 2018-01-29 00:34:25 718
1517157266.718371517 2.71828 -0.254537 22.7368 0 2018-01-29 00:34:26 718
1517157267.718403829 2.72741 -0.273363 21.0526 0 2018-01-29 00:34:27 718
1517157268.718359836 2.77256 -0.363578 21.0526 0 2018-01-29 00:34:28 718
1517157269.718522724 2.79607 -0.407599 18.8421 0 2018-01-29 00:34:29 718
1517157270.718550348 2.79607 -0.407595 18.8421 0 2018-01-29 00:34:30 718
1517157271.718413697 2.81663 -0.436851 19.1579 0 2018-01-29 00:34:31 718
1517157272.718340485 2.84935 -0.462189 19.1579 0 2018-01-29 00:34:32 718
1517157273.718397224 2.84932 -0.462222 17.7895 0 2018-01-29 00:34:33 718
1517157274.718385680 2.8493 -0.462229 17.7895 0 2018-01-29 00:34:34 718
1517157275.718404189 2.8192 -0.446798 16.6316 0 2018-01-29 00:34:35 718
1517157276.718386916 2.82638 -0.461516 16.6316 0 2018-01-29 00:34:36 718
1517157277.718364539 2.82562 -0.461231 15.8947 0 2018-01-29 00:34:37 718
1517157278.718395444 2.76984 -0.434142 15.8947 0 2018-01-29 00:34:38 718
1517157279.718377494 2.73371 -0.402605 14.9474 0 2018-01-29 00:34:39 718
1517157280.718376627 2.73369 -0.402639 14.9474 0 2018-01-29 00:34:40 718
1517157281.718845721 2.71361 -0.37416 16.4211 0 2018-01-29 00:34:41 718
1517157282.718410260 2.70255 -0.323717 16.4211 0 2018-01-29 00:34:42 718
1517157283.718397206 2.69625 -0.272289 15.7895 0 2018-01-29 00:34:43 718
1517157284.718379256 2.69626 -0.270561 15.7895 0 2018-01-29 00:34:44 718
1517157285.719029187 2.69531 -0.293668 18.2105 0 2018-01-29 00:34:45 718
1517157286.719120979 2.68103 -0.351438 18.2105 0 2018-01-29 00:34:46 718
1517157287.718382282 2.68032 -0.358886 20.6316 0 2018-01-29 00:34:47 718
1517157288.718378342 2.63773 -0.439149 20.6316 0 2018-01-29 00:34:48 718
1517157289.718407008 2.63611 -0.442329 22.5263 0 2018-01-29 00:34:49 718
1517157290.718721201 2.63612 -0.442315 22.5263 0 2018-01-29 00:34:50 718
1517157291.718942841 2.60613 -0.504975 21.3684 0 2018-01-29 00:34:51 718
1517157292.718397950 2.56417 -0.59636 21.3684 0 2018-01-29 00:34:52 718
1517157293.718475158 2.56017 -0.60524 21.4737 0 2018-01-29 00:34:53 718
1517157294.718430072 2.56017 -0.605238 21.4737 0 2018-01-29 00:34:54 718
1517157295.718388996 2.53362 -0.666734 23.3684 0 2018-01-29 00:34:55 718
1517157296.718381567 2.51477 -0.715006 23.3684 0 2018-01-29 00:34:56 718
1517157297.718415806 2.51475 -0.715034 21.0526 0 2018-01-29 00:34:57 718
1517157298.718372126 2.51475 -0.715026 21.0526 0 2018-01-29 00:34:58 718
1517157299.718399802 2.50297 -0.76558 13.8947 0 2018-01-29 00:34:59 718
1517157300.718378050 2.49618 -0.804663 13.8947 0 2018-01-29 00:35:00 718
1517157301.718847091 2.49617 -0.804643 5.57895 0 2018-01-29 00:35:01 718
1517157302.719599837 2.49616 -0.804652 5.57895 0 2018-01-29 00:35:02 718
1517157303.718403628 2.49616 -0.80465 2.42105 0 2018-01-29 00:35:03 718
1517157304.718379845 2.49616 -0.804653 2.42105 0 2018-01-29 00:35:04 718
1517157305.718398666 2.49616 -0.804653 1.05263 0 2018-01-29 00:35:05 718
1517157306.718459364 2.49616 -0.804653 1.05263 0 2018-01-29 00:35:06 718
1517157307.718401881 2.49616 -0.804653 1.05263 0 2018-01-29 00:35:07 718
1517157308.718550498 2.49616 -0.804653 1.05263 0 2018-01-29 00:35:08 718
1517157309.718417128 2.49616 -0.804653 0.947368 0 2018-01-29 00:35:09 718
1517157310.718370011 2.494 -0.817422 0.947368 0 2018-01-29 00:35:10 718
1517157311.718408676 2.47665 -0.926339 1.15789 0 2018-01-29 00:35:11 718
1517157312.718546720 2.47336 -0.950115 1.15789 0 2018-01-29 00:35:12 718
1517157313.718389443 2.46278 -1.04207 0.736842 0 2018-01-29 00:35:13 718
1517157314.718376597 2.57014 -1.10027 0.736842 0 2018-01-29 00:35:14 718
1517157315.718412607 2.57013 -1.10031 0.631579 0 2018-01-29 00:35:15 718
1517157316.718350020 2.57108 -1.11943 0.631579 0 2018-01-29 00:35:16 718
1517157317.718468532 2.57109 -1.11956 0.736842 0 2018-01-29 00:35:17 718
1517157318.718396986 2.57085 -1.14239 0.736842 0 2018-01-29 00:35:18 718
1517157319.718403256 2.55022 -1.20315 0.631579 0 2018-01-29 00:35:19 718
1517157320.718378118 2.53655 -1.20826 0.631579 0 2018-01-29 00:35:20 718
1517157321.718410169 2.57635 -1.14464 0.736842 0 2018-01-29 00:35:21 718
1517157322.718415240 2.64281 -1.06495 0.736842 0 2018-01-29 00:35:22 718
1517157323.718390310 2.68593 -1.01544 1.15789 0 2018-01-29 00:35:23 718
1517157324.718392517 2.6859 -1.01545 1.15789 0 2018-01-29 00:35:24 718
1517157325.718415245 2.68589 -1.01546 1.15789 0 2018-01-29 00:35:25 718
1517157326.718394639 2.6859 -1.01544 1.15789 0 2018-01-29 00:35:26 718
1517157327.718392210 2.6859 -1.01544 0.947368 0 2018-01-29 00:35:27 718
1517157328.718376864 2.6859 -1.01545 0.947368 0 2018-01-29 00:35:28 718
1517157329.718410529 2.6859 -1.01544 1.26316 0 2018-01-29 00:35:29 718
1517157330.718380287 2.70281 -0.996315 1.26316 0 2018-01-29 00:35:30 718
1517157331.718401192 2.77059 -0.921154 0.947368 0 2018-01-29 00:35:31 718
1517157332.718369908 2.84048 -0.84684 0.947368 0 2018-01-29 00:35:32 718
1517157333.718390501 2.85351 -0.833551 1.57895 0 2018-01-29 00:35:33 718
1517157334.718457188 2.85353 -0.833524 1.57895 0 2018-01-29 00:35:34 718
1517157335.718378559 2.85352 -0.83353 4.42105 0 2018-01-29 00:35:35 718
1517157336.718306962 2.85353 -0.833521 4.42105 0 2018-01-29 00:35:36 718
1517157337.718410265 2.86194 -0.824985 7.36842 0 2018-01-29 00:35:37 718
1517157338.718386898 2.93342 -0.75476 7.36842 0 2018-01-29 00:35:38 718
1517157339.718780781 2.99644 -0.695071 9.05263 0 2018-01-29 00:35:39 718
1517157340.718379227 2.98208 -0.695011 9.05263 0 2018-01-29 00:35:40 718
1517157341.718408570 2.98208 -0.695012 11.3684 0 2018-01-29 00:35:41 718
1517157342.718376870 2.98208 -0.695009 11.3684 0 2018-01-29 00:35:42 718
1517157343.718412358 2.98208 -0.695009 15.3684 0 2018-01-29 00:35:43 718
1517157344.718406960 2.98208 -0.69501 15.3684 0 2018-01-29 00:35:44 718
1517157345.718855428 2.98208 -0.695009 14.8421 0 2018-01-29 00:35:45 718
1517157346.718371529 2.98208 -0.695009 14.8421 0 2018-01-29 00:35:46 718
1517157347.718424987 2.98208 -0.695009 13.5789 0 2018-01-29 00:35:47 718
1517157348.718376932 2.98208 -0.695009 13.5789 0 2018-01-29 00:35:48 718
1517157349.718394972 2.98208 -0.695009 13.1579 0 2018-01-29 00:35:49 718
1517157350.718454211 3.0038 -0.675336 13.1579 0 2018-01-29 00:35:50 718
1517157351.718401052 3.08115 -0.607198 13.3684 0 2018-01-29 00:35:51 718
1517157352.718383623 3.11681 -0.576818 13.3684 0 2018-01-29 00:35:52 718
1517157353.718390517 3.1168 -0.576822 14.6316 0 2018-01-29 00:35:53 718
1517157354.718369181 3.1168 -0.576821 14.6316 0 2018-01-29 00:35:54 718
1517157355.718859785 3.1168 -0.57682 15.3684 0 2018-01-29 00:35:55 718
1517157356.718386667 3.1168 -0.57682 15.3684 0 2018-01-29 00:35:56 718
1517157357.718392885 3.1168 -0.57682 14 0 2018-01-29 00:35:57 718
1517157358.718365715 3.14065 -0.556875 14 0 2018-01-29 00:35:58 718
1517157359.718412298 3.18839 -0.517499 13.0526 0 2018-01-29 00:35:59 718
1517157360.718808785 3.18839 -0.517496 13.0526 0 2018-01-29 00:36:00 718
1517157361.718476609 3.19681 -0.510283 12.3158 0 2018-01-29 00:36:01 718
1517157362.718379438 3.20602 -0.500857 12.3158 0 2018-01-29 00:36:02 718
1517157363.718422843 3.23058 -0.466805 13.0526 0 2018-01-29 00:36:03 718
1517157364.718375413 3.25212 -0.417759 13.0526 0 2018-01-29 00:36:04 718
1517157365.718401110 3.26074 -0.394692 11.1579 0 2018-01-29 00:36:05 718
1517157366.718387274 3.29644 -0.295912 11.1579 0 2018-01-29 00:36:06 718
1517157367.718407294 3.30016 -0.285497 11.7895 0 2018-01-29 00:36:07 718
1517157368.718374500 3.30016 -0.285513 11.7895 0 2018-01-29 00:36:08 718
1517157369.718403321 3.30017 -0.285499 12.4211 0 2018-01-29 00:36:09 718
1517157370.718384955 3.31824 -0.236924 12.4211 0 2018-01-29 00:36:10 718
1517157371.718407943 3.3565 -0.139181 13.0526 0 2018-01-29 00:36:11 718
1517157372.718342492 3.37999 -0.0804917 13.0526 0 2018-01-29 00:36:12 718
1517157373.718369074 3.32375 0.0524638 12.3158 0 2018-01-29 00:36:13 718
1517157374.718398677 3.30582 0.115249 12.3158 0 2018-01-29 00:36:14 718
1517157375.718396352 3.27541 0.208157 11.5789 0 2018-01-29 00:36:15 718
1517157376.718383871 3.24306 0.308735 11.5789 0 2018-01-29 00:36:16 718
1517157377.718842912 3.21231 0.405563 11.0526 0 2018-01-29 00:36:17 718
1517157378.718533079 3.14409 0.463809 11.0526 0 2018-01-29 00:36:18 718
1517157379.718432054 3.1441 0.463791 11.2632 0 2018-01-29 00:36:19 718
1517157380.718384312 3.14409 0.463819 11.2632 0 2018-01-29 00:36:20 718
1517157381.718410217 3.14409 0.463821 8.63158 0 2018-01-29 00:36:21 718
1517157382.718368776 3.14409 0.463817 8.63158 0 2018-01-29 00:36:22 718
1517157383.718401036 3.14409 0.463822 7.36842 0 2018-01-29 00:36:23 718
1517157384.718380273 3.14409 0.463821 7.36842 0 2018-01-29 00:36:24 718
1517157385.718402636 3.14409 0.463823 6.21053 0 2018-01-29 00:36:25 718
1517157386.718374165 3.14403 0.464018 6.21053 0 2018-01-29 00:36:26 718
1517157387.718416373 3.11793 0.542444 6 0 2018-01-29 00:36:27 718
1517157388.718556812 3.11101 0.56443 6 0 2018-01-29 00:36:28 718
1517157389.718500475 3.11101 0.564429 5.36842 0 2018-01-29 00:36:29 718
1517157390.718704562 3.11101 0.564432 5.36842 0 2018-01-29 00:36:30 718
1517157391.718843803 3.09955 0.602012 3.78947 0 2018-01-29 00:36:31 718
1517157392.718375269 3.07248 0.696337 3.78947 0 2018-01-29 00:36:32 718
1517157393.718401174 3.07135 0.700594 2 0 2018-01-29 00:36:33 718
1517157394.718391870 3.07135 0.700586 2 0 2018-01-29 00:36:34 718
1517157395.718403868 3.07117 0.701265 0.947368 0 2018-01-29 00:36:35 718
1517157396.718384876 3.04975 0.784768 0.947368 0 2018-01-29 00:36:36 718
1517157397.718404896 3.03568 0.87641 0.421053 0 2018-01-29 00:36:37 718
1517157398.718306006 3.06498 0.981649 0.421053 0 2018-01-29 00:36:38 718
1517157399.718407903 3.16261 1.04647 0.842105 0 2018-01-29 00:36:39 718
1517157400.718349900 3.25527 1.05337 0.842105 0 2018-01-29 00:36:40 718
1517157401.718549715 3.35364 1.00179 0.736842 0 2018-01-29 00:36:41 718
1517157402.718371240 3.42749 0.902738 0.736842 0 2018-01-29 00:36:42 718
1517157403.718412198 3.43379 0.820398 0.421053 0 2018-01-29 00:36:43 718
1517157404.718370705 3.42629 0.718386 0.421053 0 2018-01-29 00:36:44 718
1517157405.718400152 3.42637 0.712167 0.315789 0 2018-01-29 00:36:45 718
1517157406.718376941 3.42639 0.71217 0.315789 0 2018-01-29 00:36:46 718
1517157407.718419357 3.42641 0.711956 0.631579 0 2018-01-29 00:36:47 718
1517157408.718744958 3.42797 0.625547 0.631579 0 2018-01-29 00:36:48 718
1517157409.718430125 3.42841 0.525297 0.736842 0 2018-01-29 00:36:49 718
1517157410.718392695 3.42684 0.433769 0.736842 0 2018-01-29 00:36:50 718
1517157411.718404173 3.42681 0.433045 2.31579 0 2018-01-29 00:36:51 718
1517157412.718371066 3.42746 0.414143 2.31579 0 2018-01-29 00:36:52 718
1517157413.718399315 3.43079 0.394659 4.21053 0 2018-01-29 00:36:53 718
1517157414.718675851 3.44648 0.300599 4.21053 0 2018-01-29 00:36:54 718
1517157415.718390811 3.46226 0.195132 4.94737 0 2018-01-29 00:36:55 718
1517157416.718310724 3.49833 0.154999 4.94737 0 2018-01-29 00:36:56 718
1517157417.718437100 3.49833 0.155012 6.21053 0 2018-01-29 00:36:57 718
1517157418.718680771 3.49833 0.154991 6.21053 0 2018-01-29 00:36:58 718
1517157419.718467347 3.49833 0.155002 7.26316 0 2018-01-29 00:36:59 718
1517157420.718372468 3.49833 0.154993 7.26316 0 2018-01-29 00:37:00 718
1517157421.718442801 3.49833 0.154994 8.10526 0 2018-01-29 00:37:01 718
1517157422.718402455 3.49845 0.154272 8.10526 0 2018-01-29 00:37:02 718
1517157423.718344816 3.51241 0.0610393 8.21053 0 2018-01-29 00:37:03 718
1517157424.718503277 3.52498 -0.0381052 8.21053 0 2018-01-29 00:37:04 718
1517157425.718419804 3.52655 -0.0526395 7.57895 0 2018-01-29 00:37:05 718
1517157426.718364509 3.52656 -0.0526458 7.57895 0 2018-01-29 00:37:06 718
1517157427.718454947 3.52656 -0.0526409 6.73684 0 2018-01-29 00:37:07 718
1517157428.718374443 3.52656 -0.0526415 6.73684 0 2018-01-29 00:37:08 718
1517157429.718460298 3.53251 -0.111017 6.94737 0 2018-01-29 00:37:09 718
1517157430.718706990 3.54041 -0.209151 6.94737 0 2018-01-29 00:37:10 718
1517157431.718478982 3.54255 -0.246963 7.26316 0 2018-01-29 00:37:11 718
1517157432.718366967 3.54256 -0.246971 7.26316 0 2018-01-29 00:37:12 718
1517157433.718397456 3.54256 -0.246969 8.10526 0 2018-01-29 00:37:13 718
1517157434.718510186 3.54262 -0.248078 8.10526 0 2018-01-29 00:37:14 718
1517157435.718414525 3.54758 -0.333892 8.10526 0 2018-01-29 00:37:15 718
1517157436.718383710 3.55068 -0.435134 8.10526 0 2018-01-29 00:37:16 718
1517157437.718449356 3.55081 -0.449201 8.31579 0 2018-01-29 00:37:17 718
1517157438.718370363 3.55081 -0.449191 8.31579 0 2018-01-29 00:37:18 718
1517157439.718387309 3.55082 -0.449184 8.31579 0 2018-01-29 00:37:19 718
1517157440.718392120 3.551 -0.483361 8.31579 0 2018-01-29 00:37:20 718
1517157441.718443390 3.55802 -0.605111 8.21053 0 2018-01-29 00:37:21 718
1517157442.718373876 3.55758 -0.669639 8.21053 0 2018-01-29 00:37:22 718
1517157443.718484002 3.55768 -0.670957 9.57895 0 2018-01-29 00:37:23 718
1517157444.718388811 3.57529 -0.743423 9.57895 0 2018-01-29 00:37:24 718
1517157445.718418310 3.63815 -0.822319 8.42105 0 2018-01-29 00:37:25 718
1517157446.718381401 3.74057 -0.831776 8.42105 0 2018-01-29 00:37:26 718
1517157447.718487151 3.83515 -0.868537 9.1579 0 2018-01-29 00:37:27 718
1517157448.718374147 3.93715 -0.907585 9.1579 0 2018-01-29 00:37:28 718
1517157449.718917409 4.03624 -0.918566 7.1579 0 2018-01-29 00:37:29 718
1517157450.718359809 4.14398 -0.834958 7.1579 0 2018-01-29 00:37:30 718
1517157451.718417330 4.1648 -0.741846 5.57895 0 2018-01-29 00:37:31 718
1517157452.718393859 4.2371 -0.664331 5.57895 0 2018-01-29 00:37:32 718
1517157453.718396065 4.30958 -0.590818 5.68421 0 2018-01-29 00:37:33 718
1517157454.718372855 4.31793 -0.582567 5.68421 0 2018-01-29 00:37:34 718
1517157455.718403656 4.3691 -0.532487 5.78947 0 2018-01-29 00:37:35 718
1517157456.718395029 4.42453 -0.480422 5.78947 0 2018-01-29 00:37:36 718
1517157457.718425517 4.42449 -0.480455 5.05263 0 2018-01-29 00:37:37 718
1517157458.718382983 4.44595 -0.460594 5.05263 0 2018-01-29 00:37:38 718
1517157459.718940933 4.52193 -0.392662 4.63158 0 2018-01-29 00:37:39 718
1517157460.718375261 4.60046 -0.325657 4.63158 0 2018-01-29 00:37:40 718
1517157461.718701173 4.67917 -0.261397 4.42105 0 2018-01-29 00:37:41 718
1517157462.718397226 4.77667 -0.227248 4.42105 0 2018-01-29 00:37:42 718
1517157463.718461205 4.85657 -0.175412 4.52632 0 2018-01-29 00:37:43 718
1517157464.718374139 4.92733 -0.115099 4.52632 0 2018-01-29 00:37:44 718
1517157465.718389575 4.9691 -0.0214332 4.73684 0 2018-01-29 00:37:45 718
1517157466.718401000 4.9205 0.0860366 4.73684 0 2018-01-29 00:37:46 718
1517157467.718414926 4.91987 0.191756 4.52632 0 2018-01-29 00:37:47 718
1517157468.718379423 4.92026 0.290947 4.52632 0 2018-01-29 00:37:48 718
1517157469.718408245 4.92086 0.34713 4.31579 0 2018-01-29 00:37:49 718
1517157470.718363940 4.8966 0.456453 4.31579 0 2018-01-29 00:37:50 718
1517157471.718413283 4.80716 0.513931 5.1579 0 2018-01-29 00:37:51 718
1517157472.718658829 4.73534 0.581363 5.1579 0 2018-01-29 00:37:52 718
1517157473.718412332 4.66182 0.650134 4.73684 0 2018-01-29 00:37:53 718
1517157474.718798194 4.58926 0.719033 4.73684 0 2018-01-29 00:37:54 718
1517157475.718451329 4.51241 0.792766 4.42105 0 2018-01-29 00:37:55 718
1517157476.718496349 4.4385 0.864349 4.42105 0 2018-01-29 00:37:56 718
1517157477.718560901 4.36452 0.908126 3.26316 0 2018-01-29 00:37:57 718
1517157478.718373936 4.24454 0.913065 3.26316 0 2018-01-29 00:37:58 718
1517157479.718413800 4.1459 0.952238 4 0 2018-01-29 00:37:59 718
1517157480.718378818 4.05405 0.988984 4 0 2018-01-29 00:38:00 718
1517157481.718422484 3.95761 1.02932 2.73684 0 2018-01-29 00:38:01 718
1517157482.718634800 3.86558 1.06933 2.73684 0 2018-01-29 00:38:02 718
1517157483.718401480 3.77238 1.08566 2.10526 0 2018-01-29 00:38:03 718
1517157484.718359675 3.67813 1.08212 2.10526 0 2018-01-29 00:38:04 718
1517157485.718351777 3.60609 1.05779 1.05263 0 2018-01-29 00:38:05 718
1517157486.718651960 3.51423 1.05547 1.05263 0 2018-01-29 00:38:06 718
1517157487.718419838 3.43702 1.05491 0.526316 0 2018-01-29 00:38:07 718
1517157488.718384752 3.40893 1.05498 0.526316 0 2018-01-29 00:38:08 718
1517157489.718390188 3.30777 1.05713 0.315789 0 2018-01-29 00:38:09 718
1517157490.718365831 3.22563 1.05447 0.315789 0 2018-01-29 00:38:10 718
1517157491.718413456 3.13141 1.04351 0.210526 0 2018-01-29 00:38:11 718
1517157492.718367536 3.0329 1.03154 0.210526 0 2018-01-29 00:38:12 718
1517157493.718530267 2.93713 0.997619 0.210526 0 2018-01-29 00:38:13 718
1517157494.718376741 2.83411 0.989526 0.210526 0 2018-01-29 00:38:14 718
1517157495.718409782 2.7311 0.982065 0.421053 0 2018-01-29 00:38:15 718
1517157496.718378498 2.62895 0.975509 0.421053 0 2018-01-29 00:38:16 718
1517157497.718668941 2.52984 0.969575 0.526316 0 2018-01-29 00:38:17 718
1517157498.718386505 2.42319 0.963978 0.526316 0 2018-01-29 00:38:18 718
1517157499.718455796 2.31956 0.95937 0.526316 0 2018-01-29 00:38:19 718
1517157500.718376126 2.24644 0.949815 0.526316 0 2018-01-29 00:38:20 718
1517157501.718389791 2.14192 0.950269 0.210526 0 2018-01-29 00:38:21 718
1517157502.718370383 2.03849 0.952476 0.210526 0 2018-01-29 00:38:22 718
1517157503.718417226 1.93891 0.955518 0.315789 0 2018-01-29 00:38:23 718
1517157504.718370681 1.83373 0.959177 0.315789 0 2018-01-29 00:38:24 718
1517157505.718397628 1.7357 0.969585 0.526316 0 2018-01-29 00:38:25 718
1517157506.718386136 1.6555 0.991834 0.526316 0 2018-01-29 00:38:26 718
1517157507.718453605 1.52325 0.969068 0.631579 0 2018-01-29 00:38:27 718
1517157508.718408050 1.45125 0.93609 0.631579 0 2018-01-29 00:38:28 718
1517157509.718469893 1.35617 0.887452 0.105263 0 2018-01-29 00:38:29 718
1517157510.718392619 1.26397 0.840282 0.105263 0 2018-01-29 00:38:30 718
1517157511.718399461 1.18037 0.797546 0.105263 0 2018-01-29 00:38:31 718
1517157512.718374219 1.09978 0.718816 0.105263 0 2018-01-29 00:38:32 718
1517157513.718708830 1.00989 0.675022 0.105263 0 2018-01-29 00:38:33 718
1517157514.718733120 0.916379 0.630078 0.105263 0 2018-01-29 00:38:34 718
1517157515.718404797 0.821499 0.585964 0.210526 0 2018-01-29 00:38:35 718
1517157516.718375545 0.734014 0.543832 0.210526 0 2018-01-29 00:38:36 718
1517157517.718409679 0.696941 0.514841 0.421053 0 2018-01-29 00:38:37 718
1517157518.718367562 0.652922 0.468962 0.421053 0 2018-01-29 00:38:38 718
1517157519.718804259 0.583606 0.396301 0.631579 0 2018-01-29 00:38:39 718
1517157520.718380517 0.527701 0.294929 0.631579 0 2018-01-29 00:38:40 718
1517157521.718419652 0.462583 0.227263 0.526316 0 2018-01-29 00:38:41 718
1517157522.718369357 0.451928 0.216226 0.526316 0 2018-01-29 00:38:42 718
1517157523.718410835 0.451805 0.216102 0.105263 0 2018-01-29 00:38:43 718
1517157524.718534086 0.451803 0.2161 0.105263 0 2018-01-29 00:38:44 718
1517157525.718452020 0.451804 0.216101 0.210526 0 2018-01-29 00:38:45 718
1517157526.718375162 0.440008 0.202423 0.210526 0 2018-01-29 00:38:46 718
1517157527.718380702 0.409586 0.113108 0.842105 0 2018-01-29 00:38:47 718
1517157528.718384628 0.424158 0.00471626 0.842105 0 2018-01-29 00:38:48 718
1517157529.718411210 0.539987 -0.088732 0.947368 0 2018-01-29 00:38:49 718
1517157530.718335341 0.680454 -0.0921085 0.947368 0 2018-01-29 00:38:50 718
1517157531.718406925 0.733495 -0.0867196 0.736842 0 2018-01-29 00:38:51 718
1517157532.718390277 0.791758 -0.00994815 0.736842 0 2018-01-29 00:38:52 718
1517157533.718409567 0.890188 0.0180392 0.421053 0 2018-01-29 00:38:53 718
1517157534.718369533 0.950098 0.032322 0.421053 0 2018-01-29 00:38:54 718
1517157535.718403667 0.972342 0.033325 0.736842 0 2018-01-29 00:38:55 718
1517157536.718474626 0.988509 0.0330505 0.736842 0 2018-01-29 00:38:56 718
1517157537.718390841 0.972617 0.0243356 0.631579 0 2018-01-29 00:38:57 718
1517157538.718311014 1.06365 0.0327997 0.631579 0 2018-01-29 00:38:58 718
1517157539.718349055 1.10375 0.0359756 0.842105 0 2018-01-29 00:38:59 718
1517157540.718371418 1.14959 0.0395069 0.842105 0 2018-01-29 00:39:00 718
1517157541.718486544 1.25265 0.0465115 0.947368 0 2018-01-29 00:39:01 718
1517157542.718369789 1.35618 0.0507375 0.947368 0 2018-01-29 00:39:02 718
1517157543.718413560 1.45121 0.0293973 1.15789 0 2018-01-29 00:39:03 718
1517157544.718437590 1.51776 -0.0326974 1.15789 0 2018-01-29 00:39:04 718
1517157545.718415056 1.52383 -0.133616 1.15789 0 2018-01-29 00:39:05 718
1517157546.718376532 1.50864 -0.251199 1.15789 0 2018-01-29 00:39:06 718
1517157547.718676559 1.50671 -0.312098 125.263 0 2018-01-29 00:39:07 718
1517157548.718374695 1.50676 -0.312095 125.263 0 2018-01-29 00:39:08 718
1517157549.718416590 1.50677 -0.312071 241.579 0 2018-01-29 00:39:09 718
1517157550.718377494 1.50677 -0.312082 241.579 0 2018-01-29 00:39:10 718
1517157551.718327355 1.50677 -0.31208 239.825 0 2018-01-29 00:39:11 718
1517157552.718366438 1.50677 -0.312078 239.825 0 2018-01-29 00:39:12 718
1517157553.718469897 1.50677 -0.31208 238.316 0 2018-01-29 00:39:13 718
1517157554.718550960 1.50677 -0.312079 238.316 0 2018-01-29 00:39:14 718
1517157555.718868435 1.50677 -0.31208 233.474 0 2018-01-29 00:39:15 718
1517157556.718378233 1.50677 -0.31208 233.474 0 2018-01-29 00:39:16 718
1517157557.718410493 1.50677 -0.31208 227.789 0 2018-01-29 00:39:17 718
1517157558.718383219 1.50677 -0.31208 227.789 0 2018-01-29 00:39:18 718
1517157559.718414385 1.50677 -0.31208 228.947 0 2018-01-29 00:39:19 718
1517157560.719004262 1.50677 -0.31208 228.947 0 2018-01-29 00:39:20 718
1517157561.718425465 1.50677 -0.31208 239.579 0 2018-01-29 00:39:21 718
1517157562.718314596 1.50677 -0.31208 239.579 0 2018-01-29 00:39:22 718
1517157563.718438420 1.50677 -0.31208 243.474 0 2018-01-29 00:39:23 718
1517157564.718352916 1.50677 -0.31208 243.474 0 2018-01-29 00:39:24 718
1517157565.718408718 1.50677 -0.31208 240.211 0 2018-01-29 00:39:25 718
1517157566.718405924 1.50677 -0.31208 240.211 0 2018-01-29 00:39:26 718
1517157567.718383911 1.50677 -0.31208 229.474 0 2018-01-29 00:39:27 718
1517157568.718373513 1.50677 -0.31208 229.474 0 2018-01-29 00:39:28 718
1517157569.718407960 1.50677 -0.31208 228.947 0 2018-01-29 00:39:29 718
1517157570.718371885 1.50677 -0.31208 228.947 0 2018-01-29 00:39:30 718
1517157571.718662432 1.50677 -0.31208 231.158 0 2018-01-29 00:39:31 718
1517157572.718384163 1.50677 -0.31208 231.158 0 2018-01-29 00:39:32 718
1517157573.718409286 1.50677 -0.31208 232.211 0 2018-01-29 00:39:33 718
1517157574.718374721 1.50677 -0.31208 232.211 0 2018-01-29 00:39:34 718
1517157575.718547609 1.50677 -0.31208 236 0 2018-01-29 00:39:35 718
1517157576.718453616 1.50677 -0.31208 236 0 2018-01-29 00:39:36 718
1517157577.718418217 1.50677 -0.31208 233.053 0 2018-01-29 00:39:37 718
1517157578.718371724 1.50677 -0.31208 233.053 0 2018-01-29 00:39:38 718
1517157579.718466798 1.50677 -0.31208 231.263 0 2018-01-29 00:39:39 718
1517157580.718384523 1.50677 -0.31208 231.263 0 2018-01-29 00:39:40 718
1517157581.718399230 1.50677 -0.31208 235.263 0 2018-01-29 00:39:41 718
1517157582.718380238 1.50677 -0.31208 235.263 0 2018-01-29 00:39:42 718
1517157583.718405935 1.50677 -0.31208 236.842 0 2018-01-29 00:39:43 718
1517157584.718402256 1.50677 -0.31208 236.842 0 2018-01-29 00:39:44 718
1517157585.718398212 1.50677 -0.31208 236.632 0 2018-01-29 00:39:45 718
1517157586.718388231 1.50677 -0.31208 236.632 0 2018-01-29 00:39:46 718
1517157587.718636121 1.50677 -0.31208 233.684 0 2018-01-29 00:39:47 718
1517157588.718451396 1.50677 -0.31208 233.684 0 2018-01-29 00:39:48 718
1517157589.718394695 1.50677 -0.31208 230.421 0 2018-01-29 00:39:49 718
1517157590.718339192 1.50677 -0.31208 230.421 0 2018-01-29 00:39:50 718
1517157591.718367128 1.50677 -0.31208 228 0 2018-01-29 00:39:51 718
1517157592.718374178 1.50677 -0.31208 228 0 2018-01-29 00:39:52 718
1517157593.718395656 1.50677 -0.31208 232.211 0 2018-01-29 00:39:53 718
1517157594.718434114 1.50677 -0.31208 232.211 0 2018-01-29 00:39:54 718
1517157595.718405799 1.50677 -0.31208 232.105 0 2018-01-29 00:39:55 718
1517157596.718361702 1.50677 -0.31208 232.105 0 2018-01-29 00:39:56 718
1517157597.718431567 1.50677 -0.31208 236.737 0 2018-01-29 00:39:57 718
1517157598.718381064 1.50677 -0.31208 236.737 0 2018-01-29 00:39:58 718
1517157599.718523222 1.50677 -0.31208 233.895 0 2018-01-29 00:39:59 718
1517157600.718392091 1.50677 -0.31208 233.895 0 2018-01-29 00:40:00 718
1517157601.718396746 1.50677 -0.31208 231.368 0 2018-01-29 00:40:01 718
1517157602.718378692 1.50677 -0.31208 231.368 0 2018-01-29 00:40:02 718
1517157603.718519912 1.50677 -0.31208 234.421 0 2018-01-29 00:40:03 718
1517157604.718374771 1.50677 -0.31208 234.421 0 2018-01-29 00:40:04 718
1517157605.718397187 1.50677 -0.31208 235.263 0 2018-01-29 00:40:05 718
1517157606.718701745 1.50677 -0.31208 235.263 0 2018-01-29 00:40:06 718
1517157607.718394829 1.50677 -0.31208 231.263 0 2018-01-29 00:40:07 718
1517157608.718642771 1.50677 -0.31208 231.263 0 2018-01-29 00:40:08 718
1517157609.718416847 1.50677 -0.31208 229.053 0 2018-01-29 00:40:09 718
1517157610.718395407 1.50677 -0.31208 229.053 0 2018-01-29 00:40:10 718
1517157611.718397405 1.50677 -0.31208 240.526 0 2018-01-29 00:40:11 718
1517157612.718378622 1.50677 -0.31208 240.526 0 2018-01-29 00:40:12 718
1517157613.718704065 1.50677 -0.31208 235.579 0 2018-01-29 00:40:13 718
1517157614.718367826 1.50677 -0.31208 235.579 0 2018-01-29 00:40:14 718
1517157615.718969058 1.50677 -0.31208 232.316 0 2018-01-29 00:40:15 718
1517157616.718382396 1.50677 -0.31208 232.316 0 2018-01-29 00:40:16 718
1517157617.718737632 1.50677 -0.31208 233.053 0 2018-01-29 00:40:17 718
1517157618.718639836 1.50677 -0.31208 233.053 0 2018-01-29 00:40:18 718
1517157619.718415943 1.50677 -0.31208 236.421 0 2018-01-29 00:40:19 718
1517157620.718379659 1.50677 -0.31208 236.421 0 2018-01-29 00:40:20 718
1517157621.718439940 1.50677 -0.31208 242.211 0 2018-01-29 00:40:21 718
1517157622.718375166 1.50677 -0.31208 242.211 0 2018-01-29 00:40:22 718
1517157623.718411227 1.50677 -0.31208 243.053 0 2018-01-29 00:40:23 718
1517157624.718554479 1.50677 -0.31208 243.053 0 2018-01-29 00:40:24 718
1517157625.718429183 1.50677 -0.31208 239.368 0 2018-01-29 00:40:25 718
1517157626.718373575 1.50677 -0.31208 239.368 0 2018-01-29 00:40:26 718
1517157627.718414845 1.50677 -0.31208 236.632 0 2018-01-29 00:40:27 718
1517157628.718387989 1.50677 -0.31208 236.632 0 2018-01-29 00:40:28 718
1517157629.718676817 1.50677 -0.31208 237.789 0 2018-01-29 00:40:29 718
1517157630.718504592 1.50677 -0.31208 237.789 0 2018-01-29 00:40:30 718
1517157631.718412473 1.50677 -0.31208 233.158 0 2018-01-29 00:40:31 718
1517157632.718597706 1.50677 -0.31208 233.158 0 2018-01-29 00:40:32 718
1517157633.718398032 1.50677 -0.31208 234.737 0 2018-01-29 00:40:33 718
1517157634.718380551 1.50677 -0.31208 234.737 0 2018-01-29 00:40:34 718
1517157635.718420102 1.50677 -0.31208 237.895 0 2018-01-29 00:40:35 718
1517157636.718375901 1.50677 -0.31208 237.895 0 2018-01-29 00:40:36 718
1517157637.718388264 1.50677 -0.31208 231.579 0 2018-01-29 00:40:37 718
1517157638.718619904 1.50677 -0.31208 231.579 0 2018-01-29 00:40:38 718
1517157639.718413459 1.50677 -0.31208 230.316 0 2018-01-29 00:40:39 718
1517157640.718390248 1.50677 -0.31208 230.316 0 2018-01-29 00:40:40 718
1517157641.718408341 1.50677 -0.31208 229.579 0 2018-01-29 00:40:41 718
1517157642.718390807 1.50677 -0.31208 229.579 0 2018-01-29 00:40:42 718
1517157643.718396608 1.50677 -0.31208 240.316 0 2018-01-29 00:40:43 718
1517157644.718448190 1.50677 -0.31208 240.316 0 2018-01-29 00:40:44 718
1517157645.718412740 1.50677 -0.31208 239.684 0 2018-01-29 00:40:45 718
1517157646.718399373 1.50677 -0.31208 239.684 0 2018-01-29 00:40:46 718
1517157647.718389652 1.50677 -0.31208 248.526 0 2018-01-29 00:40:47 718
1517157648.718383265 1.50677 -0.31208 248.526 0 2018-01-29 00:40:48 718
1517157649.718400993 1.50677 -0.31208 249.368 0 2018-01-29 00:40:49 718
1517157650.718401897 1.50677 -0.31208 249.368 0 2018-01-29 00:40:50 718
1517157651.718409104 1.50677 -0.31208 236.737 0 2018-01-29 00:40:51 718
1517157652.718376935 1.50677 -0.31208 236.737 0 2018-01-29 00:40:52 718
1517157653.718404871 1.50677 -0.31208 235.158 0 2018-01-29 00:40:53 718
1517157654.718374160 1.50677 -0.31208 235.158 0 2018-01-29 00:40:54 718
1517157655.718397721 1.50677 -0.31208 238.421 0 2018-01-29 00:40:55 718
1517157656.718405814 1.50677 -0.31208 238.421 0 2018-01-29 00:40:56 718
1517157657.718415625 1.50677 -0.31208 242.526 0 2018-01-29 00:40:57 718
1517157658.718400904 1.50677 -0.31208 242.526 0 2018-01-29 00:40:58 718
1517157659.718395558 1.50677 -0.31208 237.368 0 2018-01-29 00:40:59 718
1517157660.718374951 1.50677 -0.31208 237.368 0 2018-01-29 00:41:00 718
1517157661.718419347 1.50677 -0.31208 230.316 0 2018-01-29 00:41:01 718
1517157662.718413845 1.50677 -0.31208 230.316 0 2018-01-29 00:41:02 718
1517157663.718405738 1.50677 -0.31208 230.737 0 2018-01-29 00:41:03 718
1517157664.718394351 1.50677 -0.31208 230.737 0 2018-01-29 00:41:04 718
1517157665.718402443 1.50677 -0.31208 226.421 0 2018-01-29 00:41:05 718
1517157666.718372565 1.50677 -0.31208 226.421 0 2018-01-29 00:41:06 718
1517157667.718416596 1.50677 -0.31208 230.105 0 2018-01-29 00:41:07 718
1517157668.718385260 1.50677 -0.31208 230.105 0 2018-01-29 00:41:08 718
1517157669.718401061 1.50677 -0.31208 236.737 0 2018-01-29 00:41:09 718
1517157670.718377277 1.50677 -0.31208 236.737 0 2018-01-29 00:41:10 718
1517157671.718404276 1.50677 -0.31208 233.895 0 2018-01-29 00:41:11 718
1517157672.718631332 1.50677 -0.31208 233.895 0 2018-01-29 00:41:12 718
1517157673.718394730 1.50677 -0.31208 229.789 0 2018-01-29 00:41:13 718
1517157674.718384801 1.50677 -0.31208 229.789 0 2018-01-29 00:41:14 718
1517157675.718423207 1.50677 -0.31208 231.474 0 2018-01-29 00:41:15 718
1517157676.718368902 1.50677 -0.31208 231.474 0 2018-01-29 00:41:16 718
1517157677.718399650 1.50677 -0.31208 229.579 0 2018-01-29 00:41:17 718
1517157678.718358418 1.50677 -0.31208 229.579 0 2018-01-29 00:41:18 718
1517157679.718409220 1.50677 -0.31208 235.895 0 2018-01-29 00:41:19 718
1517157680.718376790 1.50677 -0.31208 235.895 0 2018-01-29 00:41:20 718
1517157681.718327641 1.50674 -0.312973 225.053 0 2018-01-29 00:41:21 718
1517157682.718383287 1.50318 -0.410606 225.053 0 2018-01-29 00:41:22 718
1517157683.718684824 1.49661 -0.508882 224.316 0 2018-01-29 00:41:23 718
1517157684.718381189 1.48783 -0.600042 224.316 0 2018-01-29 00:41:24 718
1517157685.718402355 1.4528 -0.696257 12.3684 0 2018-01-29 00:41:25 718
1517157686.718397790 1.39014 -0.762742 12.3684 0 2018-01-29 00:41:26 718
1517157687.718407549 1.34953 -0.771128 6.71053 0 2018-01-29 00:41:27 718
1517157688.718480174 1.30891 -0.747349 6.71053 0 2018-01-29 00:41:28 718
1517157689.718426390 1.3089 -0.747382 1.68421 0 2018-01-29 00:41:29 718
1517157690.719022726 1.30728 -0.747504 1.68421 0 2018-01-29 00:41:30 718
1517157691.718951233 1.22135 -0.75391 0.842105 0 2018-01-29 00:41:31 718
1517157692.718979430 1.11624 -0.757584 0.842105 0 2018-01-29 00:41:32 718
1517157693.719074191 1.10432 -0.756716 0.631579 0 2018-01-29 00:41:33 718
1517157694.719144159 1.05784 -0.751628 0.631579 0 2018-01-29 00:41:34 718
1517157695.718399472 0.955775 -0.738715 0.526316 0 2018-01-29 00:41:35 718
1517157696.718384230 0.867497 -0.71823 0.526316 0 2018-01-29 00:41:36 718
1517157697.718414302 0.784532 -0.655699 0.631579 0 2018-01-29 00:41:37 718
1517157698.718386300 0.707699 -0.572331 0.631579 0 2018-01-29 00:41:38 718
1517157699.719369937 0.650074 -0.48896 0.631579 0 2018-01-29 00:41:39 719
1517157700.718376806 0.618376 -0.40095 0.631579 0 2018-01-29 00:41:40 718
1517157701.718410941 0.630918 -0.311388 0.631579 0 2018-01-29 00:41:41 718
1517157702.718394345 0.627884 -0.208005 0.631579 0 2018-01-29 00:41:42 718
1517157703.718406968 0.626734 -0.0998367 1.26316 0 2018-01-29 00:41:43 718
1517157704.718383028 0.652511 -0.00807597 1.26316 0 2018-01-29 00:41:44 718
1517157705.718523259 0.738584 0.0567145 0.947368 0 2018-01-29 00:41:45 718
1517157706.718763076 0.855256 0.0735642 0.947368 0 2018-01-29 00:41:46 718
1517157707.718380429 0.913214 0.0435495 0.736842 0 2018-01-29 00:41:47 718
1517157708.718370135 0.95812 0.0461868 0.736842 0 2018-01-29 00:41:48 718
1517157709.718342914 1.03799 0.0511382 0.421053 0 2018-01-29 00:41:49 718
1517157710.718380590 1.0659 0.0739675 0.421053 0 2018-01-29 00:41:50 718
1517157711.718402225 1.06977 0.0735604 0.947368 0 2018-01-29 00:41:51 718
1517157712.718380264 1.06977 0.0735668 0.947368 0 2018-01-29 00:41:52 718
1517157713.718491692 1.06976 0.0735687 0.947368 0 2018-01-29 00:41:53 718
1517157714.718307123 1.06976 0.0735692 0.947368 0 2018-01-29 00:41:54 718
1517157715.718436624 1.06976 0.0735693 0.947368 0 2018-01-29 00:41:55 718
1517157716.718391799 1.06976 0.0735693 0.947368 0 2018-01-29 00:41:56 718
1517157717.718399422 1.06976 0.0735693 0.736842 0 2018-01-29 00:41:57 718
1517157718.718343294 1.06976 0.0735693 0.736842 0 2018-01-29 00:41:58 718
1517157719.718394199 1.06976 0.0735693 0.631579 0 2018-01-29 00:41:59 718
1517157720.718423230 1.06976 0.0735693 0.631579 0 2018-01-29 00:42:00 718
1517157721.718415332 1.06976 0.0735693 0.842105 0 2018-01-29 00:42:01 718
1517157722.718376131 1.06976 0.0735693 0.842105 0 2018-01-29 00:42:02 718
1517157723.718544071 1.06976 0.0735693 1.15789 0 2018-01-29 00:42:03 718
1517157724.719135876 1.06976 0.0735693 1.15789 0 2018-01-29 00:42:04 718
1517157725.719116363 1.06976 0.0735693 1.15789 0 2018-01-29 00:42:05 718
1517157726.718892679 1.06976 0.0735693 1.15789 0 2018-01-29 00:42:06 718
1517157727.719044681 1.06976 0.0735693 0.736842 0 2018-01-29 00:42:07 718
1517157728.718704743 1.06976 0.0735693 0.736842 0 2018-01-29 00:42:08 718
1517157729.718727315 1.06976 0.0735693 1.26316 0 2018-01-29 00:42:09 718
1517157730.718808482 1.06976 0.0735693 1.26316 0 2018-01-29 00:42:10 718
1517157731.718768291 1.06976 0.0735693 1.47368 0 2018-01-29 00:42:11 718
1517157732.718700652 1.06976 0.0735693 1.47368 0 2018-01-29 00:42:12 718
1517157733.718718120 1.06976 0.0735693 1.57895 0 2018-01-29 00:42:13 718
1517157734.718729285 1.06976 0.0735693 1.57895 0 2018-01-29 00:42:14 718
1517157735.718599613 1.06976 0.0735693 1.05263 0 2018-01-29 00:42:15 718
1517157736.718408846 1.06976 0.0735693 1.05263 0 2018-01-29 00:42:16 718
1517157737.718409386 1.06976 0.0735693 0.947368 0 2018-01-29 00:42:17 718
1517157738.718384873 1.06976 0.0735693 0.947368 0 2018-01-29 00:42:18 718
1517157739.718393122 1.06976 0.0735693 0.947368 0 2018-01-29 00:42:19 718
1517157740.718376734 1.06976 0.0735693 0.947368 0 2018-01-29 00:42:20 718
1517157741.718417744 1.06976 0.0735693 0.842105 0 2018-01-29 00:42:21 718
1517157742.718706260 1.06976 0.0735693 0.842105 0 2018-01-29 00:42:22 718
1517157743.718405854 1.06976 0.0735693 1.36842 0 2018-01-29 00:42:23 718
1517157744.718379935 1.06976 0.0735693 1.36842 0 2018-01-29 00:42:24 718
1517157745.718546052 1.06976 0.0735693 1.15789 0 2018-01-29 00:42:25 718
1517157746.718366327 1.06976 0.0735693 1.15789 0 2018-01-29 00:42:26 718
1517157747.718804847 1.06976 0.0735693 0.947368 0 2018-01-29 00:42:27 718
1517157748.718379595 1.06976 0.0735693 0.947368 0 2018-01-29 00:42:28 718
1517157749.718556233 1.06976 0.0735693 0.842105 0 2018-01-29 00:42:29 718
1517157750.718517865 1.06976 0.0735693 0.842105 0 2018-01-29 00:42:30 718
1517157751.718416423 1.06976 0.0735693 1.05263 0 2018-01-29 00:42:31 718
1517157752.718414411 1.06976 0.0735693 1.05263 0 2018-01-29 00:42:32 718
1517157753.718423805 1.06976 0.0735693 1.26316 0 2018-01-29 00:42:33 718
1517157754.718368250 1.06976 0.0735693 1.26316 0 2018-01-29 00:42:34 718
1517157755.718407645 1.06976 0.0735693 1.05263 0 2018-01-29 00:42:35 718
1517157756.718363028 1.06976 0.0735693 1.05263 0 2018-01-29 00:42:36 718
1517157757.718416902 1.06976 0.0735693 1.15789 0 2018-01-29 00:42:37 718
1517157758.718402338 1.06976 0.0735693 1.15789 0 2018-01-29 00:42:38 718
1517157759.718405742 1.06976 0.0735693 1.36842 0 2018-01-29 00:42:39 718
1517157760.718380552 1.06976 0.0735693 1.36842 0 2018-01-29 00:42:40 718
1517157761.718408645 1.06976 0.0735693 1.68421 0 2018-01-29 00:42:41 718
1517157762.718407049 1.06976 0.0735693 1.68421 0 2018-01-29 00:42:42 718
1517157763.718692753 1.06976 0.0735693 1.05263 0 2018-01-29 00:42:43 718
1517157764.718400785 1.06976 0.0735693 1.05263 0 2018-01-29 00:42:44 718
1517157765.718398096 1.06976 0.0735693 0.842105 0 2018-01-29 00:42:45 718
1517157766.718367593 1.06976 0.0735693 0.842105 0 2018-01-29 00:42:46 718
1517157767.718467875 1.06976 0.0735693 1.05263 0 2018-01-29 00:42:47 718
1517157768.718364766 1.06976 0.0735693 1.05263 0 2018-01-29 00:42:48 718
1517157769.718407703 1.06976 0.0735693 1.15789 0 2018-01-29 00:42:49 718
1517157770.718379388 1.06976 0.0735693 1.15789 0 2018-01-29 00:42:50 718
1517157771.718405345 1.06976 0.0735693 0.842105 0 2018-01-29 00:42:51 718
1517157772.718451511 1.06976 0.0735693 0.842105 0 2018-01-29 00:42:52 718
1517157773.718652004 1.06976 0.0735693 1.26316 0 2018-01-29 00:42:53 718
1517157774.718380141 1.06976 0.0735693 1.26316 0 2018-01-29 00:42:54 718
1517157775.718410109 1.06976 0.0735693 1.26316 0 2018-01-29 00:42:55 718
1517157776.718378461 1.06976 0.0735693 1.26316 0 2018-01-29 00:42:56 718
1517157777.718398845 1.06976 0.0735693 0.947368 0 2018-01-29 00:42:57 718
1517157778.718386520 1.06976 0.0735693 0.947368 0 2018-01-29 00:42:58 718
1517157779.718495917 1.06976 0.0735693 0.736842 0 2018-01-29 00:42:59 718
1517157780.718394110 1.06976 0.0735693 0.736842 0 2018-01-29 00:43:00 718
1517157781.718404129 1.06976 0.0735693 1.15789 0 2018-01-29 00:43:01 718
1517157782.718668166 1.06976 0.0735693 1.15789 0 2018-01-29 00:43:02 718
1517157783.718396667 1.06976 0.0735693 1.26316 0 2018-01-29 00:43:03 718
1517157784.718373040 1.06976 0.0735693 1.26316 0 2018-01-29 00:43:04 718
1517157785.718411862 1.06976 0.0735693 1.26316 0 2018-01-29 00:43:05 718
1517157786.718477872 1.06976 0.0735693 1.26316 0 2018-01-29 00:43:06 718
1517157787.718397889 1.06976 0.0735693 1.05263 0 2018-01-29 00:43:07 718
1517157788.718371033 1.06976 0.0735693 1.05263 0 2018-01-29 00:43:08 718
1517157789.718426782 1.06976 0.0735693 1.36842 0 2018-01-29 00:43:09 718
1517157790.718393259 1.06976 0.0735693 1.36842 0 2018-01-29 00:43:10 718
1517157791.718463019 1.06976 0.0735693 1.15789 0 2018-01-29 00:43:11 718
1517157792.718382307 1.06976 0.0735693 1.15789 0 2018-01-29 00:43:12 718
1517157793.718468526 1.06976 0.0735693 0.947368 0 2018-01-29 00:43:13 718
1517157794.718416408 1.06976 0.0735693 0.947368 0 2018-01-29 00:43:14 718
1517157795.719206760 1.06976 0.0735693 1.26316 0 2018-01-29 00:43:15 718
1517157796.718391706 1.06976 0.0735693 1.26316 0 2018-01-29 00:43:16 718
1517157797.718791839 1.06976 0.0735693 1.47368 0 2018-01-29 00:43:17 718
1517157798.718374192 1.06976 0.0735693 1.47368 0 2018-01-29 00:43:18 718
1517157799.718408274 1.06976 0.0735693 1.36842 0 2018-01-29 00:43:19 718
1517157800.718398032 1.06976 0.0735693 1.36842 0 2018-01-29 00:43:20 718
1517157801.718386749 1.06976 0.0735693 1.26316 0 2018-01-29 00:43:21 718
1517157802.718372132 1.06976 0.0735693 1.26316 0 2018-01-29 00:43:22 718
1517157803.718398037 1.06976 0.0735693 1.15789 0 2018-01-29 00:43:23 718
1517157804.718305710 1.06976 0.0735693 1.15789 0 2018-01-29 00:43:24 718
1517157805.719351381 1.06976 0.0735693 1.15789 0 2018-01-29 00:43:25 719
