#timeStamp px(m) py(m) doseRate(uSv/h)
1517158500.828822485 1.35061e-39 -3.94131e-21 0.631579 0 2018-01-29 00:55:00 828
1517158500.829230620 1.35061e-39 -3.94131e-21 0.631579 0 2018-01-29 00:55:00 829
1517158501.829367153 1.35061e-39 -3.94131e-21 0.631579 0 2018-01-29 00:55:01 829
1517158502.829331234 1.35061e-39 -3.94131e-21 0.736842 0 2018-01-29 00:55:02 829
1517158503.829645271 1.35061e-39 -3.94131e-21 0.736842 0 2018-01-29 00:55:03 829
1517158504.829433983 1.35061e-39 -3.94131e-21 0.631579 0 2018-01-29 00:55:04 829
1517158505.829358844 1.35061e-39 -3.94131e-21 0.631579 0 2018-01-29 00:55:05 829
1517158506.829364019 1.35061e-39 -3.94131e-21 0.421053 0 2018-01-29 00:55:06 829
1517158507.829366955 1.35061e-39 -3.94131e-21 0.421053 0 2018-01-29 00:55:07 829
1517158508.829811048 1.35061e-39 -3.94131e-21 0.842105 0 2018-01-29 00:55:08 829
1517158509.829363555 1.35061e-39 -3.94131e-21 0.842105 0 2018-01-29 00:55:09 829
1517158510.829375971 1.35061e-39 -3.94131e-21 0.736842 0 2018-01-29 00:55:10 829
1517158511.829290102 1.35061e-39 -3.94131e-21 0.736842 0 2018-01-29 00:55:11 829
1517158512.829568253 1.35061e-39 -3.94131e-21 0.526316 0 2018-01-29 00:55:12 829
1517158513.829367590 1.35061e-39 -3.94131e-21 0.526316 0 2018-01-29 00:55:13 829
1517158514.829397245 1.35061e-39 -3.94131e-21 0.315789 0 2018-01-29 00:55:14 829
1517158515.829398566 1.35061e-39 -3.94131e-21 0.315789 0 2018-01-29 00:55:15 829
1517158516.829332750 1.35061e-39 -3.94131e-21 0.210526 0 2018-01-29 00:55:16 829
1517158517.829366781 1.35061e-39 -3.94131e-21 0.210526 0 2018-01-29 00:55:17 829
1517158518.829393571 1.35061e-39 -3.94131e-21 0.736842 0 2018-01-29 00:55:18 829
1517158519.829625940 1.35061e-39 -3.94131e-21 0.736842 0 2018-01-29 00:55:19 829
1517158520.829378140 1.35061e-39 -3.94131e-21 0.842105 0 2018-01-29 00:55:20 829
1517158521.829364930 1.35061e-39 -3.94131e-21 0.842105 0 2018-01-29 00:55:21 829
1517158522.829345365 1.35061e-39 -3.94131e-21 0.842105 0 2018-01-29 00:55:22 829
1517158523.829836698 1.35061e-39 -3.94131e-21 0.842105 0 2018-01-29 00:55:23 829
1517158524.829331757 1.35061e-39 -3.94131e-21 0.736842 0 2018-01-29 00:55:24 829
1517158525.829323963 1.35061e-39 -3.94131e-21 0.736842 0 2018-01-29 00:55:25 829
1517158526.829474455 1.35061e-39 -3.94131e-21 0.526316 0 2018-01-29 00:55:26 829
1517158527.829365669 1.35061e-39 -3.94131e-21 0.526316 0 2018-01-29 00:55:27 829
1517158528.829379646 1.35061e-39 -3.94131e-21 0.526316 0 2018-01-29 00:55:28 829
1517158529.829378884 1.35061e-39 -3.94131e-21 0.526316 0 2018-01-29 00:55:29 829
1517158530.829545262 1.35061e-39 -3.94131e-21 0.421053 0 2018-01-29 00:55:30 829
1517158531.829363766 1.35061e-39 -3.94131e-21 0.421053 0 2018-01-29 00:55:31 829
1517158532.829494621 1.35061e-39 -3.94131e-21 0.421053 0 2018-01-29 00:55:32 829
1517158533.829381721 1.35061e-39 -3.94131e-21 0.421053 0 2018-01-29 00:55:33 829
1517158534.829373250 1.35061e-39 -3.94131e-21 0.842105 0 2018-01-29 00:55:34 829
1517158535.829495251 1.35061e-39 -3.94131e-21 0.842105 0 2018-01-29 00:55:35 829
1517158536.829374278 1.35061e-39 -3.94131e-21 0.736842 0 2018-01-29 00:55:36 829
1517158537.829389401 1.35061e-39 -3.94131e-21 0.736842 0 2018-01-29 00:55:37 829
1517158538.829564581 1.35061e-39 -3.94131e-21 0.631579 0 2018-01-29 00:55:38 829
1517158539.829329854 0.105198 0.0102176 0.631579 0 2018-01-29 00:55:39 829
1517158540.829395240 0.371456 0.131606 0.526316 0 2018-01-29 00:55:40 829
1517158541.829358331 0.405484 0.228107 0.526316 0 2018-01-29 00:55:41 829
1517158542.829381215 0.435953 0.263835 0.736842 0 2018-01-29 00:55:42 829
1517158543.829365244 0.623011 0.479642 0.736842 0 2018-01-29 00:55:43 829
1517158544.829385368 0.821359 0.67497 0.736842 0 2018-01-29 00:55:44 829
1517158545.829286686 1.0732 0.768206 0.736842 0 2018-01-29 00:55:45 829
1517158546.829384781 1.36622 0.735424 0.526316 0 2018-01-29 00:55:46 829
1517158547.829382508 1.65219 0.735681 0.526316 0 2018-01-29 00:55:47 829
1517158548.829399663 1.94789 0.75388 0.421053 0 2018-01-29 00:55:48 829
1517158549.829363014 2.24365 0.742951 0.421053 0 2018-01-29 00:55:49 829
1517158550.829590800 2.53716 0.728267 0.315789 0 2018-01-29 00:55:50 829
1517158551.829604933 2.84136 0.696331 0.315789 0 2018-01-29 00:55:51 829
1517158552.829821468 3.02008 0.595675 0.421053 0 2018-01-29 00:55:52 829
1517158553.829367986 3.29229 0.530363 0.421053 0 2018-01-29 00:55:53 829
1517158554.829443841 3.47569 0.512935 0.315789 0 2018-01-29 00:55:54 829
1517158555.829358805 3.66702 0.371008 0.315789 0 2018-01-29 00:55:55 829
1517158556.829394711 3.84468 0.161133 1.05263 0 2018-01-29 00:55:56 829
1517158557.829474211 4.02072 -0.0682012 1.05263 0 2018-01-29 00:55:57 829
1517158558.829608869 4.16112 -0.291972 2.52632 0 2018-01-29 00:55:58 829
1517158559.829964886 4.16164 -0.292691 2.52632 0 2018-01-29 00:55:59 829
1517158560.829772765 4.19448 -0.397024 3.78947 0 2018-01-29 00:56:00 829
1517158561.829838932 4.2243 -0.58646 3.78947 0 2018-01-29 00:56:01 829
1517158562.829597278 4.21583 -0.832968 4 0 2018-01-29 00:56:02 829
1517158563.829512139 4.21587 -0.835492 4 0 2018-01-29 00:56:03 829
1517158564.829390644 4.21617 -0.91593 4.52632 0 2018-01-29 00:56:04 829
1517158565.829442123 4.20652 -1.20081 4.52632 0 2018-01-29 00:56:05 829
1517158566.829316097 4.18868 -1.48918 3.57895 0 2018-01-29 00:56:06 829
1517158567.829280594 4.19918 -1.6987 3.57895 0 2018-01-29 00:56:07 829
1517158568.829399887 4.22213 -1.8867 2.94737 0 2018-01-29 00:56:08 829
1517158569.829364801 4.25241 -2.19049 2.94737 0 2018-01-29 00:56:09 829
1517158570.829718058 4.30142 -2.46991 2.10526 0 2018-01-29 00:56:10 829
1517158571.829334578 4.31528 -2.7652 2.10526 0 2018-01-29 00:56:11 829
1517158572.829418818 4.33663 -3.05164 1.15789 0 2018-01-29 00:56:12 829
1517158573.829369200 4.33168 -3.34824 1.15789 0 2018-01-29 00:56:13 829
1517158574.829469534 4.32397 -3.63391 0.315789 0 2018-01-29 00:56:14 829
1517158575.829444032 4.32099 -3.84945 0.315789 0 2018-01-29 00:56:15 829
1517158576.829389310 4.3149 -3.91754 0.315789 0 2018-01-29 00:56:16 829
1517158577.829623189 4.28508 -4.17905 0.315789 0 2018-01-29 00:56:17 829
1517158578.829424036 4.30782 -4.18552 0.210526 0 2018-01-29 00:56:18 829
1517158579.829366033 4.27346 -4.30878 0.210526 0 2018-01-29 00:56:19 829
1517158580.829390219 4.20252 -4.42283 0.105263 0 2018-01-29 00:56:20 829
1517158581.830090412 4.0215 -4.54879 0.105263 0 2018-01-29 00:56:21 829
1517158582.829394841 3.87741 -4.52188 0 0 2018-01-29 00:56:22 829
1517158583.829402673 3.62974 -4.49653 0 0 2018-01-29 00:56:23 829
1517158584.829450714 3.30506 -4.41519 0.210526 0 2018-01-29 00:56:24 829
1517158585.829364012 3.01366 -4.36022 0.210526 0 2018-01-29 00:56:25 829
1517158586.829381375 2.75778 -4.29994 0.210526 0 2018-01-29 00:56:26 829
1517158587.829659630 2.47844 -4.22578 0.210526 0 2018-01-29 00:56:27 829
1517158588.829462144 2.19487 -4.13972 0.315789 0 2018-01-29 00:56:28 829
1517158589.829357734 1.91378 -4.0683 0.315789 0 2018-01-29 00:56:29 829
1517158590.829391608 1.63579 -3.96368 0.526316 0 2018-01-29 00:56:30 829
1517158591.829363918 1.38836 -3.85494 0.526316 0 2018-01-29 00:56:31 829
1517158592.829395500 1.12521 -3.7372 0.421053 0 2018-01-29 00:56:32 829
1517158593.829804800 0.858631 -3.60876 0.421053 0 2018-01-29 00:56:33 829
1517158594.829394132 0.595423 -3.48568 0.105263 0 2018-01-29 00:56:34 829
1517158595.829403161 0.352376 -3.38043 0.105263 0 2018-01-29 00:56:35 829
1517158596.829448442 0.049649 -3.43029 0.210526 0 2018-01-29 00:56:36 829
1517158597.829364448 -0.220951 -3.55874 0.210526 0 2018-01-29 00:56:37 829
1517158598.829825312 -0.494671 -3.64689 0.315789 0 2018-01-29 00:56:38 829
1517158599.829350215 -0.738895 -3.7399 0.315789 0 2018-01-29 00:56:39 829
1517158600.829395340 -1.02745 -3.81076 0.105263 0 2018-01-29 00:56:40 829
1517158601.829362129 -1.31029 -3.87856 0.105263 0 2018-01-29 00:56:41 829
1517158602.829830285 -1.53576 -3.97695 0.105263 0 2018-01-29 00:56:42 829
1517158603.829624725 -1.72387 -4.21507 0.105263 0 2018-01-29 00:56:43 829
1517158604.829385832 -1.65573 -4.57426 0.315789 0 2018-01-29 00:56:44 829
1517158605.829341683 -1.42302 -4.815 0.315789 0 2018-01-29 00:56:45 829
1517158606.829375401 -1.16207 -4.91322 0.315789 0 2018-01-29 00:56:46 829
1517158607.829356201 -0.906933 -4.81967 0.315789 0 2018-01-29 00:56:47 829
1517158608.829418149 -0.677603 -4.61113 0.315789 0 2018-01-29 00:56:48 829
1517158609.829437283 -0.474177 -4.42172 0.315789 0 2018-01-29 00:56:49 829
1517158610.829468396 -0.274891 -4.20901 0.210526 0 2018-01-29 00:56:50 829
1517158611.829384038 -0.0853075 -4.01858 0.210526 0 2018-01-29 00:56:51 829
1517158612.829383276 0.157727 -3.84199 0.315789 0 2018-01-29 00:56:52 829
1517158613.829369597 0.337996 -3.71599 0.315789 0 2018-01-29 00:56:53 829
1517158614.829379095 0.630906 -3.75239 0.315789 0 2018-01-29 00:56:54 829
1517158615.829357395 0.844772 -3.98321 0.315789 0 2018-01-29 00:56:55 829
1517158616.829650651 1.08617 -4.1217 0.315789 0 2018-01-29 00:56:56 829
1517158617.829371808 1.34069 -4.21544 0.315789 0 2018-01-29 00:56:57 829
1517158618.829572457 1.61835 -4.318 0.210526 0 2018-01-29 00:56:58 829
1517158619.829353721 1.88426 -4.41487 0.210526 0 2018-01-29 00:56:59 829
1517158620.829305666 2.15258 -4.54123 0.210526 0 2018-01-29 00:57:00 829
1517158621.829371937 2.42145 -4.66853 0.210526 0 2018-01-29 00:57:01 829
1517158622.829409717 2.67366 -4.77462 0.421053 0 2018-01-29 00:57:02 829
1517158623.829615939 2.93778 -4.77684 0.421053 0 2018-01-29 00:57:03 829
1517158624.829388192 3.20314 -4.68259 0.315789 0 2018-01-29 00:57:04 829
1517158625.829360658 3.49087 -4.6679 0.315789 0 2018-01-29 00:57:05 829
1517158626.829391616 3.65903 -4.6435 0.315789 0 2018-01-29 00:57:06 829
1517158627.829376113 3.87528 -4.5995 0.315789 0 2018-01-29 00:57:07 829
1517158628.829406654 4.13494 -4.54392 0.315789 0 2018-01-29 00:57:08 829
1517158629.829403183 4.3729 -4.39803 0.315789 0 2018-01-29 00:57:09 829
1517158630.829470808 4.43468 -4.18362 0.315789 0 2018-01-29 00:57:10 829
1517158631.829367595 4.43495 -4.18389 0.315789 0 2018-01-29 00:57:11 829
1517158632.829763770 4.48795 -4.04269 0.210526 0 2018-01-29 00:57:12 829
1517158633.829356383 4.45785 -3.99591 0.210526 0 2018-01-29 00:57:13 829
1517158634.829395518 4.49763 -3.7743 0.210526 0 2018-01-29 00:57:14 829
1517158635.829363036 4.55892 -3.4773 0.210526 0 2018-01-29 00:57:15 829
1517158636.829341440 4.55683 -3.24921 0.210526 0 2018-01-29 00:57:16 829
1517158637.829548912 4.56033 -3.15766 0.210526 0 2018-01-29 00:57:17 829
1517158638.829391115 4.5729 -2.87339 0.105263 0 2018-01-29 00:57:18 829
1517158639.829601972 4.58996 -2.61308 0.105263 0 2018-01-29 00:57:19 829
1517158640.829385423 4.57235 -2.56531 0.315789 0 2018-01-29 00:57:20 829
1517158641.829354348 4.55095 -2.31298 0.315789 0 2018-01-29 00:57:21 829
1517158642.830802476 4.52881 -2.02171 0.421053 0 2018-01-29 00:57:22 829
1517158643.829375532 4.51403 -1.7325 0.421053 0 2018-01-29 00:57:23 829
1517158644.829377426 4.5058 -1.45475 0.421053 0 2018-01-29 00:57:24 829
1517158645.829662713 4.5012 -1.28179 0.421053 0 2018-01-29 00:57:25 829
1517158646.829408194 4.43352 -1.12562 1.26316 0 2018-01-29 00:57:26 829
1517158647.829736555 4.41223 -1.00456 1.26316 0 2018-01-29 00:57:27 829
1517158648.830545292 4.36783 -0.717309 2.10526 0 2018-01-29 00:57:28 830
1517158649.829374240 4.32839 -0.423126 2.10526 0 2018-01-29 00:57:29 829
1517158650.829393895 4.32037 -0.170506 2.94737 0 2018-01-29 00:57:30 829
1517158651.829535064 4.27764 0.0880255 2.94737 0 2018-01-29 00:57:31 829
1517158652.829398829 4.15806 0.160133 3.57895 0 2018-01-29 00:57:32 829
1517158653.829380462 3.98944 0.29293 3.57895 0 2018-01-29 00:57:33 829
1517158654.829383033 3.65788 0.310123 3.57895 0 2018-01-29 00:57:34 829
1517158655.829360135 3.38957 0.196279 3.57895 0 2018-01-29 00:57:35 829
1517158656.829511252 3.26603 -0.126379 3.26316 0 2018-01-29 00:57:36 829
1517158657.829427988 3.2493 -0.414494 3.26316 0 2018-01-29 00:57:37 829
1517158658.829397537 3.06454 -0.61035 3.57895 0 2018-01-29 00:57:38 829
1517158659.829364118 2.82924 -0.704876 3.57895 0 2018-01-29 00:57:39 829
1517158660.829382418 2.57209 -0.852234 5.26316 0 2018-01-29 00:57:40 829
1517158661.829371343 2.32256 -1.03251 5.26316 0 2018-01-29 00:57:41 829
1517158662.829547929 2.06718 -1.18071 7.1579 0 2018-01-29 00:57:42 829
1517158663.829370392 1.83056 -1.30413 7.1579 0 2018-01-29 00:57:43 829
1517158664.829392495 1.61021 -1.36278 6.73684 0 2018-01-29 00:57:44 829
1517158665.829372982 1.32207 -1.41978 6.73684 0 2018-01-29 00:57:45 829
1517158666.829446649 1.04406 -1.44156 3.57895 0 2018-01-29 00:57:46 829
1517158667.829354009 0.748309 -1.4568 3.57895 0 2018-01-29 00:57:47 829
1517158668.829628358 0.463896 -1.46713 0.842105 0 2018-01-29 00:57:48 829
1517158669.829408424 0.18886 -1.48286 0.842105 0 2018-01-29 00:57:49 829
1517158670.829494434 -0.10729 -1.47373 0.631579 0 2018-01-29 00:57:50 829
1517158671.829399139 -0.398979 -1.44989 0.631579 0 2018-01-29 00:57:51 829
1517158672.829373844 -0.692967 -1.41701 0.631579 0 2018-01-29 00:57:52 829
1517158673.829723039 -0.949634 -1.44841 0.631579 0 2018-01-29 00:57:53 829
1517158674.829374768 -1.19505 -1.50513 0.631579 0 2018-01-29 00:57:54 829
1517158675.829359630 -1.51496 -1.33273 0.631579 0 2018-01-29 00:57:55 829
1517158676.829384598 -1.56742 -1.23825 0.315789 0 2018-01-29 00:57:56 829
1517158677.829350085 -1.45603 -1.3074 0.315789 0 2018-01-29 00:57:57 829
1517158678.829404584 -1.45181 -1.31958 0.421053 0 2018-01-29 00:57:58 829
1517158679.829363300 -1.3845 -1.49071 0.421053 0 2018-01-29 00:57:59 829
1517158680.830527724 -1.40523 -1.2554 0.315789 0 2018-01-29 00:58:00 829
1517158681.829400006 -1.28504 -1.00381 0.315789 0 2018-01-29 00:58:01 829
1517158682.829455547 -1.25049 -0.743648 0.210526 0 2018-01-29 00:58:02 829
1517158683.829393742 -1.34945 -0.551148 0.210526 0 2018-01-29 00:58:03 829
1517158684.829385740 -1.41978 -0.258396 0.315789 0 2018-01-29 00:58:04 829
1517158685.829404770 -1.51154 -0.00818354 0.315789 0 2018-01-29 00:58:05 829
1517158686.829392549 -1.75865 0.170032 0.421053 0 2018-01-29 00:58:06 829
1517158687.829366473 -2.02638 0.139111 0.421053 0 2018-01-29 00:58:07 829
1517158688.829394514 -2.28022 -0.00784378 0.210526 0 2018-01-29 00:58:08 829
1517158689.829929078 -2.41029 -0.421104 0.210526 0 2018-01-29 00:58:09 829
1517158690.829403094 -2.37916 -0.444371 0.210526 0 2018-01-29 00:58:10 829
1517158691.829298892 -2.42071 -0.16598 0.210526 0 2018-01-29 00:58:11 829
1517158692.829746057 -2.4855 0.121414 0.105263 0 2018-01-29 00:58:12 829
1517158693.829352837 -2.5009 0.405797 0.105263 0 2018-01-29 00:58:13 829
1517158694.829500985 -2.50149 0.332297 0.105263 0 2018-01-29 00:58:14 829
1517158695.829615226 -2.43272 0.0996876 0.105263 0 2018-01-29 00:58:15 829
1517158696.829389458 -2.23797 -0.0563621 0.105263 0 2018-01-29 00:58:16 829
1517158697.829377810 -1.95514 -0.126663 0.105263 0 2018-01-29 00:58:17 829
1517158698.829432205 -1.69364 0.0168815 0.315789 0 2018-01-29 00:58:18 829
1517158699.829408995 -1.43795 0.244185 0.315789 0 2018-01-29 00:58:19 829
1517158700.829665583 -1.1505 0.260975 0.315789 0 2018-01-29 00:58:20 829
1517158701.829369240 -0.939578 0.102143 0.315789 0 2018-01-29 00:58:21 829
1517158702.830198967 -0.907009 -0.221597 0.421053 0 2018-01-29 00:58:22 829
1517158703.829362194 -0.799547 -0.474011 0.421053 0 2018-01-29 00:58:23 829
1517158704.829513832 -0.570358 -0.658833 0.105263 0 2018-01-29 00:58:24 829
1517158705.829400463 -0.279136 -0.633061 0.105263 0 2018-01-29 00:58:25 829
1517158706.829384388 -0.266688 -0.707683 0.105263 0 2018-01-29 00:58:26 829
1517158707.829354093 -0.174001 -0.778245 0.105263 0 2018-01-29 00:58:27 829
1517158708.829379634 -0.0709582 -0.829092 0.315789 0 2018-01-29 00:58:28 829
1517158709.829365538 0.0846919 -0.884552 0.315789 0 2018-01-29 00:58:29 829
1517158710.829836506 0.222818 -0.935161 0.736842 0 2018-01-29 00:58:30 829
1517158711.831056764 0.304454 -0.953001 0.736842 0 2018-01-29 00:58:31 829
1517158712.829383564 0.288197 -0.867334 0.631579 0 2018-01-29 00:58:32 829
1517158713.829463741 0.288191 -0.867352 0.631579 0 2018-01-29 00:58:33 829
1517158714.829368602 0.288195 -0.867357 1.36842 0 2018-01-29 00:58:34 829
1517158715.829369871 0.288192 -0.867358 1.36842 0 2018-01-29 00:58:35 829
1517158716.829728441 0.288194 -0.867359 1.89474 0 2018-01-29 00:58:36 829
1517158717.829345585 0.288193 -0.867359 1.89474 0 2018-01-29 00:58:37 829
1517158718.829390866 0.288193 -0.867359 1.89474 0 2018-01-29 00:58:38 829
1517158719.829353488 0.288193 -0.867359 1.89474 0 2018-01-29 00:58:39 829
1517158720.829387935 0.288193 -0.867359 2.10526 0 2018-01-29 00:58:40 829
1517158721.829364047 0.288193 -0.867359 2.10526 0 2018-01-29 00:58:41 829
1517158722.829385004 0.288193 -0.867359 1.47368 0 2018-01-29 00:58:42 829
1517158723.829424764 0.288193 -0.867359 1.47368 0 2018-01-29 00:58:43 829
1517158724.829448065 0.288193 -0.867359 1.36842 0 2018-01-29 00:58:44 829
1517158725.829434542 0.288193 -0.867359 1.36842 0 2018-01-29 00:58:45 829
1517158726.829388101 0.288193 -0.867359 1.57895 0 2018-01-29 00:58:46 829
1517158727.829374683 0.288193 -0.867359 1.57895 0 2018-01-29 00:58:47 829
1517158728.829465485 0.288193 -0.867359 2.10526 0 2018-01-29 00:58:48 829
1517158729.829358679 0.288193 -0.867359 2.10526 0 2018-01-29 00:58:49 829
1517158730.829379896 0.288193 -0.867359 1.78947 0 2018-01-29 00:58:50 829
1517158731.829367207 0.288193 -0.867359 1.78947 0 2018-01-29 00:58:51 829
1517158732.829405456 0.288193 -0.867359 1.57895 0 2018-01-29 00:58:52 829
1517158733.829362505 0.288193 -0.867359 1.57895 0 2018-01-29 00:58:53 829
1517158734.829391900 0.288193 -0.867359 1.68421 0 2018-01-29 00:58:54 829
1517158735.829384887 0.288193 -0.867359 1.68421 0 2018-01-29 00:58:55 829
1517158736.829374125 0.288193 -0.867359 1.57895 0 2018-01-29 00:58:56 829
1517158737.829377113 0.288193 -0.867359 1.57895 0 2018-01-29 00:58:57 829
1517158738.829367756 0.33582 -0.869585 1.89474 0 2018-01-29 00:58:58 829
1517158739.829354233 0.39535 -0.863121 1.89474 0 2018-01-29 00:58:59 829
1517158740.829389722 0.524516 -0.818445 1.68421 0 2018-01-29 00:59:00 829
1517158741.829358907 0.5309 -0.815066 1.68421 0 2018-01-29 00:59:01 829
1517158742.829359864 0.615256 -0.741324 1.15789 0 2018-01-29 00:59:02 829
1517158743.829383842 0.606588 -0.674159 1.15789 0 2018-01-29 00:59:03 829
1517158744.829388861 0.60661 -0.674182 2.42105 0 2018-01-29 00:59:04 829
1517158745.829362317 0.611422 -0.665741 2.42105 0 2018-01-29 00:59:05 829
1517158746.829467651 0.628442 -0.621818 4 0 2018-01-29 00:59:06 829
1517158747.829353344 0.628463 -0.62182 4 0 2018-01-29 00:59:07 829
1517158748.829588629 0.628467 -0.621825 5.1579 0 2018-01-29 00:59:08 829
1517158749.829366664 0.62847 -0.621823 5.1579 0 2018-01-29 00:59:09 829
1517158750.829391683 0.62847 -0.621825 4.94737 0 2018-01-29 00:59:10 829
1517158751.829354462 0.62847 -0.621825 4.94737 0 2018-01-29 00:59:11 829
1517158752.829383075 0.62847 -0.621825 5.36842 0 2018-01-29 00:59:12 829
1517158753.829372990 0.62847 -0.621825 5.36842 0 2018-01-29 00:59:13 829
1517158754.829665152 0.62847 -0.621825 6.10526 0 2018-01-29 00:59:14 829
1517158755.829372872 0.62847 -0.621825 6.10526 0 2018-01-29 00:59:15 829
1517158756.829389349 0.62847 -0.621825 6.63158 0 2018-01-29 00:59:16 829
1517158757.829501819 0.62847 -0.621825 6.63158 0 2018-01-29 00:59:17 829
1517158758.829491317 0.62847 -0.621825 5.26316 0 2018-01-29 00:59:18 829
1517158759.829380135 0.62847 -0.621825 5.26316 0 2018-01-29 00:59:19 829
1517158760.829389790 0.62847 -0.621825 6.94737 0 2018-01-29 00:59:20 829
1517158761.829356527 0.62847 -0.621825 6.94737 0 2018-01-29 00:59:21 829
1517158762.829376286 0.62847 -0.621825 6.31579 0 2018-01-29 00:59:22 829
1517158763.829356826 0.62847 -0.621825 6.31579 0 2018-01-29 00:59:23 829
1517158764.829391585 0.62847 -0.621825 6.73684 0 2018-01-29 00:59:24 829
1517158765.829359416 0.62847 -0.621825 6.73684 0 2018-01-29 00:59:25 829
1517158766.829385790 0.62847 -0.621825 6.31579 0 2018-01-29 00:59:26 829
1517158767.829367475 0.62847 -0.621825 6.31579 0 2018-01-29 00:59:27 829
1517158768.829411662 0.62847 -0.621825 6.73684 0 2018-01-29 00:59:28 829
1517158769.829443140 0.62847 -0.621825 6.73684 0 2018-01-29 00:59:29 829
1517158770.829493629 0.62847 -0.621825 7.26316 0 2018-01-29 00:59:30 829
1517158771.829494221 0.62847 -0.621825 7.26316 0 2018-01-29 00:59:31 829
1517158772.829376841 0.62847 -0.621825 7.05263 0 2018-01-29 00:59:32 829
1517158773.829436601 0.62847 -0.621825 7.05263 0 2018-01-29 00:59:33 829
1517158774.829497663 0.62847 -0.621825 6.73684 0 2018-01-29 00:59:34 829
1517158775.829382471 0.62847 -0.621825 6.73684 0 2018-01-29 00:59:35 829
1517158776.829379469 0.62847 -0.621825 6.73684 0 2018-01-29 00:59:36 829
1517158777.829360061 0.62847 -0.621825 6.73684 0 2018-01-29 00:59:37 829
1517158778.829401695 0.62847 -0.621825 6.42105 0 2018-01-29 00:59:38 829
1517158779.829362599 0.62847 -0.621825 6.42105 0 2018-01-29 00:59:39 829
1517158780.829367983 0.62847 -0.621825 7.47368 0 2018-01-29 00:59:40 829
1517158781.829627956 0.62847 -0.621825 7.47368 0 2018-01-29 00:59:41 829
1517158782.829394323 0.62847 -0.621825 7.78947 0 2018-01-29 00:59:42 829
1517158783.829356216 0.62847 -0.621825 7.78947 0 2018-01-29 00:59:43 829
1517158784.829433894 0.62847 -0.621825 7.1579 0 2018-01-29 00:59:44 829
1517158785.829444434 0.62847 -0.621825 7.1579 0 2018-01-29 00:59:45 829
1517158786.829524924 0.62847 -0.621825 6.73684 0 2018-01-29 00:59:46 829
1517158787.829375303 0.62847 -0.621825 6.73684 0 2018-01-29 00:59:47 829
1517158788.829383344 0.62847 -0.621825 6.84211 0 2018-01-29 00:59:48 829
1517158789.829355758 0.62847 -0.621825 6.84211 0 2018-01-29 00:59:49 829
1517158790.829355985 0.62847 -0.621825 6.31579 0 2018-01-29 00:59:50 829
1517158791.829354181 0.62847 -0.621825 6.31579 0 2018-01-29 00:59:51 829
1517158792.829367325 0.62847 -0.621825 6 0 2018-01-29 00:59:52 829
1517158793.829367449 0.62847 -0.621825 6 0 2018-01-29 00:59:53 829
1517158794.829392156 0.62847 -0.621825 6.10526 0 2018-01-29 00:59:54 829
1517158795.829356549 0.62847 -0.621825 6.10526 0 2018-01-29 00:59:55 829
1517158796.829373756 0.62847 -0.621825 5.78947 0 2018-01-29 00:59:56 829
1517158797.829384504 0.62847 -0.621825 5.78947 0 2018-01-29 00:59:57 829
1517158798.829474005 0.62847 -0.621825 6.10526 0 2018-01-29 00:59:58 829
1517158799.829355792 0.62847 -0.621825 6.10526 0 2018-01-29 00:59:59 829
1517158800.829382634 0.62847 -0.621825 6.42105 0 2018-01-29 01:00:00 829
1517158801.829363017 0.62847 -0.621825 6.42105 0 2018-01-29 01:00:01 829
1517158802.829446632 0.62847 -0.621825 6.42105 0 2018-01-29 01:00:02 829
1517158803.829356857 0.62847 -0.621825 6.42105 0 2018-01-29 01:00:03 829
1517158804.829450421 0.62847 -0.621825 5.47368 0 2018-01-29 01:00:04 829
1517158805.829369344 0.62847 -0.621825 5.47368 0 2018-01-29 01:00:05 829
1517158806.829453323 0.62847 -0.621825 6.21053 0 2018-01-29 01:00:06 829
1517158807.829424279 0.62847 -0.621825 6.21053 0 2018-01-29 01:00:07 829
1517158808.829376849 0.62847 -0.621825 7.26316 0 2018-01-29 01:00:08 829
1517158809.829401348 0.62847 -0.621825 7.26316 0 2018-01-29 01:00:09 829
1517158810.829433243 0.62847 -0.621825 7.36842 0 2018-01-29 01:00:10 829
1517158811.829459616 0.62847 -0.621825 7.36842 0 2018-01-29 01:00:11 829
1517158812.829388748 0.62847 -0.621825 6.31579 0 2018-01-29 01:00:12 829
1517158813.829499499 0.62847 -0.621825 6.31579 0 2018-01-29 01:00:13 829
1517158814.829387276 0.62847 -0.621825 7.1579 0 2018-01-29 01:00:14 829
1517158815.829368232 0.62847 -0.621825 7.1579 0 2018-01-29 01:00:15 829
1517158816.829392366 0.62847 -0.621825 6.94737 0 2018-01-29 01:00:16 829
1517158817.829489211 0.62847 -0.621825 6.94737 0 2018-01-29 01:00:17 829
1517158818.829400581 0.62847 -0.621825 5.89474 0 2018-01-29 01:00:18 829
1517158819.829365652 0.62847 -0.621825 5.89474 0 2018-01-29 01:00:19 829
1517158820.829515622 0.62847 -0.621825 6.21053 0 2018-01-29 01:00:20 829
1517158821.829361158 0.62847 -0.621825 6.21053 0 2018-01-29 01:00:21 829
1517158822.829385813 0.62847 -0.621825 5.78947 0 2018-01-29 01:00:22 829
1517158823.829429792 0.62847 -0.621825 5.78947 0 2018-01-29 01:00:23 829
1517158824.829384289 0.62847 -0.621825 6.73684 0 2018-01-29 01:00:24 829
1517158825.829359828 0.62847 -0.621825 6.73684 0 2018-01-29 01:00:25 829
1517158826.829548394 0.62847 -0.621825 6.42105 0 2018-01-29 01:00:26 829
1517158827.829300281 0.62847 -0.621825 6.42105 0 2018-01-29 01:00:27 829
1517158828.829392074 0.62847 -0.621825 6.84211 0 2018-01-29 01:00:28 829
1517158829.829371519 0.62847 -0.621825 6.84211 0 2018-01-29 01:00:29 829
1517158830.829398466 0.62847 -0.621825 7.1579 0 2018-01-29 01:00:30 829
1517158831.829414631 0.62847 -0.621825 7.1579 0 2018-01-29 01:00:31 829
1517158832.829375066 0.62847 -0.621825 5.57895 0 2018-01-29 01:00:32 829
1517158833.829365970 0.62847 -0.621825 5.57895 0 2018-01-29 01:00:33 829
1517158834.829395730 0.62847 -0.621825 6.52632 0 2018-01-29 01:00:34 829
1517158835.829356581 0.62847 -0.621825 6.52632 0 2018-01-29 01:00:35 829
1517158836.829372798 0.62847 -0.621825 6.73684 0 2018-01-29 01:00:36 829
1517158837.829362921 0.62847 -0.621825 6.73684 0 2018-01-29 01:00:37 829
1517158838.829395493 0.62847 -0.621825 5.78947 0 2018-01-29 01:00:38 829
1517158839.829433326 0.62847 -0.621825 5.78947 0 2018-01-29 01:00:39 829
1517158840.829399958 0.62847 -0.621825 6.73684 0 2018-01-29 01:00:40 829
1517158841.829365654 0.631699 -0.611084 6.73684 0 2018-01-29 01:00:41 829
1517158842.829844070 0.640772 -0.582466 7.47368 0 2018-01-29 01:00:42 829
1517158843.829365275 0.640784 -0.582426 7.47368 0 2018-01-29 01:00:43 829
1517158844.829641707 0.656194 -0.535265 9.36842 0 2018-01-29 01:00:44 829
1517158845.829363386 0.656194 -0.535261 9.36842 0 2018-01-29 01:00:45 829
1517158846.829425542 0.656193 -0.535263 65.2632 0 2018-01-29 01:00:46 829
1517158847.829359257 0.656192 -0.535265 65.2632 0 2018-01-29 01:00:47 829
1517158848.829394173 0.656193 -0.535262 60.3509 0 2018-01-29 01:00:48 829
1517158849.829378410 0.656193 -0.535262 60.3509 0 2018-01-29 01:00:49 829
1517158850.829361971 0.656193 -0.535263 59.5789 0 2018-01-29 01:00:50 829
1517158851.829355896 0.660501 -0.522257 59.5789 0 2018-01-29 01:00:51 829
1517158852.829406385 0.670044 -0.493589 57.8947 0 2018-01-29 01:00:52 829
1517158853.829282078 0.670048 -0.493578 57.8947 0 2018-01-29 01:00:53 829
1517158854.829364234 0.670046 -0.493582 365.263 0 2018-01-29 01:00:54 829
1517158855.829363941 0.670048 -0.493578 365.263 0 2018-01-29 01:00:55 829
1517158856.829383596 0.670047 -0.493579 382.368 0 2018-01-29 01:00:56 829
1517158857.829359760 0.670047 -0.493579 382.368 0 2018-01-29 01:00:57 829
1517158858.829381290 0.670047 -0.493579 386.211 0 2018-01-29 01:00:58 829
1517158859.829411987 0.683589 -0.45404 386.211 0 2018-01-29 01:00:59 829
1517158860.829655502 0.683589 -0.454034 392.211 0 2018-01-29 01:01:00 829
1517158861.829350253 0.683588 -0.454037 392.211 0 2018-01-29 01:01:01 829
1517158862.829373293 0.683587 -0.454039 385.895 0 2018-01-29 01:01:02 829
1517158863.829832699 0.683588 -0.454036 385.895 0 2018-01-29 01:01:03 829
1517158864.829593024 0.683588 -0.454036 390.526 0 2018-01-29 01:01:04 829
1517158865.829356527 0.696095 -0.418345 390.526 0 2018-01-29 01:01:05 829
1517158866.829386651 0.699522 -0.408636 386.526 0 2018-01-29 01:01:06 829
1517158867.829370107 0.69952 -0.40864 386.526 0 2018-01-29 01:01:07 829
1517158868.829375907 0.69952 -0.408639 373.789 0 2018-01-29 01:01:08 829
1517158869.829359572 0.699521 -0.408639 373.789 0 2018-01-29 01:01:09 829
1517158870.829404956 0.699521 -0.408639 358.421 0 2018-01-29 01:01:10 829
1517158871.829368516 0.699521 -0.408639 358.421 0 2018-01-29 01:01:11 829
1517158872.829380254 0.699521 -0.408639 358.632 0 2018-01-29 01:01:12 829
1517158873.829354075 0.711664 -0.374097 358.632 0 2018-01-29 01:01:13 829
1517158874.829455138 0.713279 -0.369591 347.895 0 2018-01-29 01:01:14 829
1517158875.829363384 0.713283 -0.369581 347.895 0 2018-01-29 01:01:15 829
1517158876.829461530 0.713282 -0.369582 335.053 0 2018-01-29 01:01:16 829
1517158877.829361807 0.714558 -0.366005 335.053 0 2018-01-29 01:01:17 829
1517158878.829405057 0.729805 -0.323825 316.947 0 2018-01-29 01:01:18 829
1517158879.829361272 0.729805 -0.323823 316.947 0 2018-01-29 01:01:19 829
1517158880.829394730 0.729805 -0.323823 225.263 0 2018-01-29 01:01:20 829
1517158881.829339747 0.729805 -0.323823 225.263 0 2018-01-29 01:01:21 829
1517158882.829648628 0.729805 -0.323823 214.912 0 2018-01-29 01:01:22 829
1517158883.829357963 0.740756 -0.294171 214.912 0 2018-01-29 01:01:23 829
1517158884.829387983 0.747132 -0.277474 207.263 0 2018-01-29 01:01:24 829
1517158885.829452587 0.74713 -0.277477 207.263 0 2018-01-29 01:01:25 829
1517158886.829593651 0.747132 -0.277472 21.0526 0 2018-01-29 01:01:26 829
1517158887.829409342 0.747131 -0.277472 21.0526 0 2018-01-29 01:01:27 829
1517158888.829385923 0.747132 -0.27747 20 0 2018-01-29 01:01:28 829
1517158889.829373442 0.758899 -0.246961 20 0 2018-01-29 01:01:29 829
1517158890.829516486 0.787626 -0.166243 19.1579 0 2018-01-29 01:01:30 829
1517158891.829365980 0.787632 -0.16622 19.1579 0 2018-01-29 01:01:31 829
1517158892.829395896 0.787628 -0.166225 13.5789 0 2018-01-29 01:01:32 829
1517158893.829330028 0.787628 -0.166224 13.5789 0 2018-01-29 01:01:33 829
1517158894.829408799 0.787628 -0.166223 6.21053 0 2018-01-29 01:01:34 829
1517158895.829530644 0.80002 -0.139566 6.21053 0 2018-01-29 01:01:35 829
1517158896.829403680 0.837695 -0.0580494 4.10526 0 2018-01-29 01:01:36 829
1517158897.829358750 0.837691 -0.0580567 4.10526 0 2018-01-29 01:01:37 829
1517158898.829376218 0.837687 -0.0580633 3.47368 0 2018-01-29 01:01:38 829
1517158899.829358267 0.837693 -0.0580515 3.47368 0 2018-01-29 01:01:39 829
1517158900.829523864 0.885737 0.0415608 2.73684 0 2018-01-29 01:01:40 829
1517158901.829371379 0.907105 0.0843206 2.73684 0 2018-01-29 01:01:41 829
1517158902.829514943 0.907099 0.0843157 1.68421 0 2018-01-29 01:01:42 829
1517158903.829358708 0.917879 0.109284 1.68421 0 2018-01-29 01:01:43 829
1517158904.829544201 0.933097 0.255578 2.31579 0 2018-01-29 01:01:44 829
1517158905.829285723 0.877727 0.370384 2.31579 0 2018-01-29 01:01:45 829
1517158906.829562052 0.694988 0.437192 1.78947 0 2018-01-29 01:01:46 829
1517158907.829381285 0.513469 0.429244 1.78947 0 2018-01-29 01:01:47 829
1517158908.829373127 0.433958 0.444639 1.57895 0 2018-01-29 01:01:48 829
1517158909.829352312 0.390155 0.453584 1.57895 0 2018-01-29 01:01:49 829
1517158910.829371602 0.296376 0.456197 0.736842 0 2018-01-29 01:01:50 829
1517158911.829378027 0.16387 0.379473 0.736842 0 2018-01-29 01:01:51 829
1517158912.829809151 0.136459 0.287129 0.421053 0 2018-01-29 01:01:52 829
1517158913.829377545 0.151321 0.108117 0.421053 0 2018-01-29 01:01:53 829
1517158914.829790855 0.221208 -0.0275496 0.526316 0 2018-01-29 01:01:54 829
1517158915.829371072 0.30925 -0.0585604 0.526316 0 2018-01-29 01:01:55 829
1517158916.829404894 0.311046 -0.0191522 0.736842 0 2018-01-29 01:01:56 829
1517158917.829369235 0.311009 -0.0191799 0.736842 0 2018-01-29 01:01:57 829
1517158918.829345087 0.336707 -0.0322511 0.842105 0 2018-01-29 01:01:58 829
1517158919.829345262 0.441157 -0.0882154 0.842105 0 2018-01-29 01:01:59 829
1517158920.829412054 0.486008 -0.107115 0.736842 0 2018-01-29 01:02:00 829
1517158921.829359780 0.527565 -0.115899 0.736842 0 2018-01-29 01:02:01 829
1517158922.829408654 0.537922 -0.116787 0.947368 0 2018-01-29 01:02:02 829
1517158923.829323359 0.544837 -0.117615 0.947368 0 2018-01-29 01:02:03 829
1517158924.829619687 0.613764 -0.134663 1.26316 0 2018-01-29 01:02:04 829
1517158925.829429858 0.626986 -0.12489 1.26316 0 2018-01-29 01:02:05 829
1517158926.829457846 0.626975 -0.124892 1.47368 0 2018-01-29 01:02:06 829
1517158927.829418281 0.738914 -0.149486 1.47368 0 2018-01-29 01:02:07 829
1517158928.829391424 0.755974 -0.15321 1.36842 0 2018-01-29 01:02:08 829
1517158929.829362172 0.755975 -0.15321 1.36842 0 2018-01-29 01:02:09 829
1517158930.829393233 0.755968 -0.153209 1.68421 0 2018-01-29 01:02:10 829
1517158931.829354293 0.756153 -0.153249 1.68421 0 2018-01-29 01:02:11 829
1517158932.829471971 0.813094 -0.157267 1.89474 0 2018-01-29 01:02:12 829
1517158933.829384488 0.907069 -0.15609 1.89474 0 2018-01-29 01:02:13 829
1517158934.829388726 0.939878 -0.155923 2.42105 0 2018-01-29 01:02:14 829
1517158935.829359525 0.939872 -0.15593 2.42105 0 2018-01-29 01:02:15 829
1517158936.829346002 0.939869 -0.155932 2.21053 0 2018-01-29 01:02:16 829
1517158937.829368001 0.939865 -0.155932 2.21053 0 2018-01-29 01:02:17 829
1517158938.829349895 0.93987 -0.155932 2.84211 0 2018-01-29 01:02:18 829
1517158939.829362102 0.98971 -0.156262 2.84211 0 2018-01-29 01:02:19 829
1517158940.829381861 0.989558 -0.156259 2.73684 0 2018-01-29 01:02:20 829
1517158941.829428495 0.989554 -0.156259 2.73684 0 2018-01-29 01:02:21 829
1517158942.829365440 0.989555 -0.156259 2.73684 0 2018-01-29 01:02:22 829
1517158943.829371032 1.02011 -0.15672 2.73684 0 2018-01-29 01:02:23 829
1517158944.829394958 1.13292 -0.160584 2.84211 0 2018-01-29 01:02:24 829
1517158945.829369455 1.13304 -0.160585 2.84211 0 2018-01-29 01:02:25 829
1517158946.829359578 1.13305 -0.160584 2.84211 0 2018-01-29 01:02:26 829
1517158947.829357045 1.13304 -0.160583 2.84211 0 2018-01-29 01:02:27 829
1517158948.829385190 1.13305 -0.160583 3.05263 0 2018-01-29 01:02:28 829
1517158949.829384011 1.13304 -0.160583 3.05263 0 2018-01-29 01:02:29 829
1517158950.829380957 1.15038 -0.160663 3.89474 0 2018-01-29 01:02:30 829
1517158951.829359205 1.18639 -0.15629 3.89474 0 2018-01-29 01:02:31 829
1517158952.829420736 1.21188 -0.101295 3.78947 0 2018-01-29 01:02:32 829
1517158953.829460131 1.31658 -0.0813852 3.78947 0 2018-01-29 01:02:33 829
1517158954.829373793 1.31659 -0.081391 3.15789 0 2018-01-29 01:02:34 829
1517158955.829426053 1.31659 -0.0813923 3.15789 0 2018-01-29 01:02:35 829
1517158956.829328101 1.31658 -0.0813942 4 0 2018-01-29 01:02:36 829
1517158957.829435519 1.31659 -0.0813934 4 0 2018-01-29 01:02:37 829
1517158958.829379547 1.31659 -0.0813937 2.42105 0 2018-01-29 01:02:38 829
1517158959.829480870 1.31659 -0.0813934 2.42105 0 2018-01-29 01:02:39 829
1517158960.829385939 1.31659 -0.0813934 2.84211 0 2018-01-29 01:02:40 829
1517158961.829348301 1.31659 -0.0813934 2.84211 0 2018-01-29 01:02:41 829
1517158962.829452177 1.38521 -0.0684612 2.94737 0 2018-01-29 01:02:42 829
1517158963.829348131 1.45653 -0.0562859 2.94737 0 2018-01-29 01:02:43 829
1517158964.829552113 1.45653 -0.0562835 3.78947 0 2018-01-29 01:02:44 829
1517158965.829361398 1.45652 -0.0562837 3.78947 0 2018-01-29 01:02:45 829
1517158966.829359907 1.45652 -0.0562843 4.84211 0 2018-01-29 01:02:46 829
1517158967.829328883 1.45652 -0.0562833 4.84211 0 2018-01-29 01:02:47 829
1517158968.829403852 1.45652 -0.0562833 4.52632 0 2018-01-29 01:02:48 829
1517158969.829361787 1.45652 -0.0562833 4.52632 0 2018-01-29 01:02:49 829
1517158970.829381963 1.45652 -0.0562833 4.21053 0 2018-01-29 01:02:50 829
1517158971.829370211 1.53566 -0.0433889 4.21053 0 2018-01-29 01:02:51 829
1517158972.829389501 1.60628 -0.0338009 4.21053 0 2018-01-29 01:02:52 829
1517158973.829362696 1.60629 -0.0337955 4.21053 0 2018-01-29 01:02:53 829
1517158974.829399748 1.60629 -0.0337937 5.26316 0 2018-01-29 01:02:54 829
1517158975.829362318 1.60629 -0.0337937 5.26316 0 2018-01-29 01:02:55 829
1517158976.829383014 1.60629 -0.0337935 5.68421 0 2018-01-29 01:02:56 829
1517158977.829376471 1.60629 -0.0337935 5.68421 0 2018-01-29 01:02:57 829
1517158978.829395084 1.60629 -0.0337935 5.89474 0 2018-01-29 01:02:58 829
1517158979.829352654 1.62801 -0.0309826 5.89474 0 2018-01-29 01:02:59 829
1517158980.829386007 1.7704 -0.0149177 5.26316 0 2018-01-29 01:03:00 829
1517158981.829366442 1.77813 -0.0142119 5.26316 0 2018-01-29 01:03:01 829
1517158982.829450422 1.77813 -0.0142096 6 0 2018-01-29 01:03:02 829
1517158983.829364449 1.77813 -0.0142089 6 0 2018-01-29 01:03:03 829
1517158984.829382073 1.78167 -0.0138317 7.89474 0 2018-01-29 01:03:04 829
1517158985.829410686 1.8389 0.00101792 7.89474 0 2018-01-29 01:03:05 829
1517158986.829389299 1.96737 0.0455018 9.47368 0 2018-01-29 01:03:06 829
1517158987.829363588 2.01304 0.0773368 9.47368 0 2018-01-29 01:03:07 829
1517158988.829838567 2.01303 0.0773236 8.94737 0 2018-01-29 01:03:08 829
1517158989.829355084 2.01304 0.0773266 8.94737 0 2018-01-29 01:03:09 829
1517158990.829515472 2.01305 0.0773268 8 0 2018-01-29 01:03:10 829
1517158991.829351945 2.05039 0.0905454 8 0 2018-01-29 01:03:11 829
1517158992.829397017 2.17893 0.13444 8.63158 0 2018-01-29 01:03:12 829
1517158993.829355785 2.17902 0.13447 8.63158 0 2018-01-29 01:03:13 829
1517158994.829406430 2.17902 0.134473 8.10526 0 2018-01-29 01:03:14 829
1517158995.829356813 2.17902 0.134471 8.10526 0 2018-01-29 01:03:15 829
1517158996.830004973 2.18671 0.137098 6.73684 0 2018-01-29 01:03:16 829
1517158997.829358153 2.32648 0.182267 6.73684 0 2018-01-29 01:03:17 829
1517158998.829381923 2.34929 0.189333 6.42105 0 2018-01-29 01:03:18 829
1517158999.829437464 2.34929 0.189337 6.42105 0 2018-01-29 01:03:19 829
1517159000.829378888 2.34929 0.189338 5.26316 0 2018-01-29 01:03:20 829
1517159001.829361823 2.34929 0.189337 5.26316 0 2018-01-29 01:03:21 829
1517159002.829383822 2.46586 0.223302 3.68421 0 2018-01-29 01:03:22 829
1517159003.829356496 2.50268 0.233109 3.68421 0 2018-01-29 01:03:23 829
1517159004.829398079 2.50268 0.233112 4.31579 0 2018-01-29 01:03:24 829
1517159005.829359295 2.50267 0.233113 4.31579 0 2018-01-29 01:03:25 829
1517159006.829367439 2.50267 0.233112 5.26316 0 2018-01-29 01:03:26 829
1517159007.829302456 2.50508 0.233744 5.26316 0 2018-01-29 01:03:27 829
1517159008.829475865 2.64331 0.269064 5.1579 0 2018-01-29 01:03:28 829
1517159009.829379267 2.64128 0.289726 5.1579 0 2018-01-29 01:03:29 829
1517159010.829484758 2.64129 0.289728 3.68421 0 2018-01-29 01:03:30 829
1517159011.829389670 2.64128 0.289727 3.68421 0 2018-01-29 01:03:31 829
1517159012.829388127 2.64128 0.289727 3.78947 0 2018-01-29 01:03:32 829
1517159013.829364551 2.64128 0.289727 3.78947 0 2018-01-29 01:03:33 829
1517159014.829405196 2.73588 0.310655 4.94737 0 2018-01-29 01:03:34 829
1517159015.829530114 2.81431 0.326408 4.94737 0 2018-01-29 01:03:35 829
1517159016.829389192 2.8143 0.326411 4.94737 0 2018-01-29 01:03:36 829
1517159017.829340252 2.8143 0.326413 4.94737 0 2018-01-29 01:03:37 829
1517159018.829542672 2.8143 0.326414 3.78947 0 2018-01-29 01:03:38 829
1517159019.829358988 2.82087 0.327666 3.78947 0 2018-01-29 01:03:39 829
1517159020.829477500 2.95074 0.351759 4.63158 0 2018-01-29 01:03:40 829
1517159021.829378714 2.96139 0.353696 4.63158 0 2018-01-29 01:03:41 829
1517159022.829381442 2.96139 0.353697 5.36842 0 2018-01-29 01:03:42 829
1517159023.829360835 2.96138 0.353696 5.36842 0 2018-01-29 01:03:43 829
1517159024.829388772 2.98182 0.357423 5.1579 0 2018-01-29 01:03:44 829
1517159025.829595515 3.12445 0.379067 5.1579 0 2018-01-29 01:03:45 829
1517159026.829527459 3.14845 0.382521 4.84211 0 2018-01-29 01:03:46 829
1517159027.829367891 3.14847 0.382527 4.84211 0 2018-01-29 01:03:47 829
1517159028.829411296 3.14847 0.382527 6 0 2018-01-29 01:03:48 829
1517159029.829369960 3.19888 0.389538 6 0 2018-01-29 01:03:49 829
1517159030.829382427 3.35013 0.409249 6.84211 0 2018-01-29 01:03:50 829
1517159031.829578232 3.35907 0.419428 6.84211 0 2018-01-29 01:03:51 829
1517159032.829387986 3.38128 0.421561 5.78947 0 2018-01-29 01:03:52 829
1517159033.829354307 3.52938 0.432972 5.78947 0 2018-01-29 01:03:53 829
1517159034.829779388 3.67353 0.433758 4.21053 0 2018-01-29 01:03:54 829
1517159035.829361793 3.81303 0.355352 4.21053 0 2018-01-29 01:03:55 829
1517159036.829721248 3.82558 0.197875 4.31579 0 2018-01-29 01:03:56 829
1517159037.829349018 3.85073 0.0525999 4.31579 0 2018-01-29 01:03:57 829
1517159038.829379923 3.87142 -0.103822 4.42105 0 2018-01-29 01:03:58 829
1517159039.829332753 3.88077 -0.191004 4.42105 0 2018-01-29 01:03:59 829
1517159040.829448661 3.8942 -0.324714 3.89474 0 2018-01-29 01:04:00 829
1517159041.829640820 3.90196 -0.478662 3.89474 0 2018-01-29 01:04:01 829
1517159042.829376197 3.90374 -0.532185 3.57895 0 2018-01-29 01:04:02 829
1517159043.829363768 3.90679 -0.675746 3.57895 0 2018-01-29 01:04:03 829
1517159044.829387381 3.88693 -0.81953 3.78947 0 2018-01-29 01:04:04 829
1517159045.829359066 3.78144 -0.934766 3.78947 0 2018-01-29 01:04:05 829
1517159046.829865921 3.69322 -0.934497 3.15789 0 2018-01-29 01:04:06 829
1517159047.829908441 3.5198 -0.93781 3.15789 0 2018-01-29 01:04:07 829
1517159048.829894033 3.4447 -0.939458 3.47368 0 2018-01-29 01:04:08 829
1517159049.829333152 3.44473 -0.939515 3.47368 0 2018-01-29 01:04:09 829
1517159050.829383693 3.44473 -0.939532 4 0 2018-01-29 01:04:10 829
1517159051.829785233 3.44473 -0.939536 4 0 2018-01-29 01:04:11 829
1517159052.829482067 3.36918 -0.941261 4 0 2018-01-29 01:04:12 829
1517159053.829380990 3.22603 -0.943274 4 0 2018-01-29 01:04:13 829
1517159054.829387572 3.22415 -0.943293 5.05263 0 2018-01-29 01:04:14 829
1517159055.829298734 3.2241 -0.943295 5.05263 0 2018-01-29 01:04:15 829
1517159056.829368390 3.2239 -0.943298 5.78947 0 2018-01-29 01:04:16 829
1517159057.829370389 3.10314 -0.94401 5.78947 0 2018-01-29 01:04:17 829
1517159058.829476139 3.04289 -0.944409 5.47368 0 2018-01-29 01:04:18 829
1517159059.829455429 3.04291 -0.944408 5.47368 0 2018-01-29 01:04:19 829
1517159060.829409561 3.04291 -0.944408 4.42105 0 2018-01-29 01:04:20 829
1517159061.829360100 3.0429 -0.944408 4.42105 0 2018-01-29 01:04:21 829
1517159062.829401422 2.97695 -0.945425 4.42105 0 2018-01-29 01:04:22 829
1517159063.829835098 2.85633 -0.947611 4.42105 0 2018-01-29 01:04:23 829
1517159064.829390939 2.89508 -0.954462 6 0 2018-01-29 01:04:24 829
1517159065.829374760 2.89509 -0.954464 6 0 2018-01-29 01:04:25 829
1517159066.829400977 2.89507 -0.954463 6.42105 0 2018-01-29 01:04:26 829
1517159067.829387663 2.86411 -0.952533 6.42105 0 2018-01-29 01:04:27 829
1517159068.829462840 2.71525 -0.940423 6.42105 0 2018-01-29 01:04:28 829
1517159069.829369523 2.67247 -0.936205 6.42105 0 2018-01-29 01:04:29 829
1517159070.829382303 2.67249 -0.936211 6.10526 0 2018-01-29 01:04:30 829
1517159071.829359665 2.67249 -0.936213 6.10526 0 2018-01-29 01:04:31 829
1517159072.829377289 2.67248 -0.936213 6.84211 0 2018-01-29 01:04:32 829
1517159073.829358089 2.58538 -0.92752 6.84211 0 2018-01-29 01:04:33 829
1517159074.829379983 2.47676 -0.916528 8.63158 0 2018-01-29 01:04:34 829
1517159075.829366460 2.47676 -0.916529 8.63158 0 2018-01-29 01:04:35 829
1517159076.829395907 2.47677 -0.91653 8.10526 0 2018-01-29 01:04:36 829
1517159077.829478532 2.47608 -0.916456 8.10526 0 2018-01-29 01:04:37 829
1517159078.829450478 2.3436 -0.901897 7.89474 0 2018-01-29 01:04:38 829
1517159079.829372109 2.30727 -0.897606 7.89474 0 2018-01-29 01:04:39 829
1517159080.829388327 2.30726 -0.897608 8.31579 0 2018-01-29 01:04:40 829
1517159081.829357199 2.30726 -0.897609 8.31579 0 2018-01-29 01:04:41 829
1517159082.829380917 2.26343 -0.896842 9.36842 0 2018-01-29 01:04:42 829
1517159083.829325934 2.249 -0.907325 9.36842 0 2018-01-29 01:04:43 829
1517159084.829397465 2.14201 -0.92976 10 0 2018-01-29 01:04:44 829
1517159085.829352015 2.06106 -0.937044 10 0 2018-01-29 01:04:45 829
1517159086.829500423 2.06108 -0.937039 11.2632 0 2018-01-29 01:04:46 829
1517159087.829424815 2.06109 -0.937037 11.2632 0 2018-01-29 01:04:47 829
1517159088.829471241 2.06107 -0.937038 10.2105 0 2018-01-29 01:04:48 829
1517159089.829469750 2.06108 -0.937038 10.2105 0 2018-01-29 01:04:49 829
1517159090.829390861 2.06107 -0.937038 8.73684 0 2018-01-29 01:04:50 829
1517159091.829419422 2.06107 -0.937038 8.73684 0 2018-01-29 01:04:51 829
1517159092.829383815 2.06108 -0.937038 8.73684 0 2018-01-29 01:04:52 829
1517159093.829361855 1.95131 -0.945859 8.73684 0 2018-01-29 01:04:53 829
1517159094.829541357 1.88721 -0.950207 9.05263 0 2018-01-29 01:04:54 829
1517159095.829382154 1.88721 -0.950212 9.05263 0 2018-01-29 01:04:55 829
1517159096.829381600 1.84063 -0.94611 6.94737 0 2018-01-29 01:04:56 829
1517159097.829436724 1.83343 -0.944588 6.94737 0 2018-01-29 01:04:57 829
1517159098.829385961 1.79935 -0.938582 4.84211 0 2018-01-29 01:04:58 829
1517159099.829385719 1.68427 -0.916237 4.84211 0 2018-01-29 01:04:59 829
1517159100.829400530 1.68431 -0.916258 3.15789 0 2018-01-29 01:05:00 829
1517159101.829362423 1.68427 -0.916256 3.15789 0 2018-01-29 01:05:01 829
1517159102.829389162 1.68428 -0.916258 3.68421 0 2018-01-29 01:05:02 829
1517159103.829356941 1.57304 -0.893993 3.68421 0 2018-01-29 01:05:03 829
1517159104.829495869 1.47131 -0.863926 3.26316 0 2018-01-29 01:05:04 829
1517159105.829372656 1.48274 -0.846558 3.26316 0 2018-01-29 01:05:05 829
1517159106.829392311 1.48274 -0.846559 2.73684 0 2018-01-29 01:05:06 829
1517159107.829332224 1.48274 -0.84656 2.73684 0 2018-01-29 01:05:07 829
1517159108.829444538 1.48274 -0.846561 3.05263 0 2018-01-29 01:05:08 829
1517159109.829354346 1.38433 -0.817893 3.05263 0 2018-01-29 01:05:09 829
1517159110.829452076 1.23706 -0.772138 3.05263 0 2018-01-29 01:05:10 829
1517159111.829576525 1.22042 -0.766493 3.05263 0 2018-01-29 01:05:11 829
1517159112.829382894 1.22043 -0.766499 2.52632 0 2018-01-29 01:05:12 829
1517159113.829367964 1.21686 -0.765308 2.52632 0 2018-01-29 01:05:13 829
1517159114.829376682 1.08625 -0.720406 2.73684 0 2018-01-29 01:05:14 829
1517159115.829353367 1.01335 -0.700832 2.73684 0 2018-01-29 01:05:15 829
1517159116.829469691 1.01335 -0.700792 2.94737 0 2018-01-29 01:05:16 829
1517159117.829368822 0.911902 -0.685587 2.94737 0 2018-01-29 01:05:17 829
1517159118.829407644 0.872185 -0.690568 2.63158 0 2018-01-29 01:05:18 829
1517159119.829357870 0.847363 -0.714743 2.63158 0 2018-01-29 01:05:19 829
1517159120.829383411 0.714998 -0.692612 2.10526 0 2018-01-29 01:05:20 829
1517159121.829799950 0.603386 -0.671261 2.10526 0 2018-01-29 01:05:21 829
1517159122.829387511 0.602885 -0.67117 1.78947 0 2018-01-29 01:05:22 829
1517159123.829364300 0.546448 -0.66588 1.78947 0 2018-01-29 01:05:23 829
1517159124.829390414 0.406634 -0.663191 2.10526 0 2018-01-29 01:05:24 829
1517159125.829353453 0.253435 -0.657441 2.10526 0 2018-01-29 01:05:25 829
1517159126.829866558 0.102079 -0.645366 2.52632 0 2018-01-29 01:05:26 829
1517159127.829384742 -0.0404433 -0.668624 2.52632 0 2018-01-29 01:05:27 829
1517159128.829394032 -0.190848 -0.626966 2.10526 0 2018-01-29 01:05:28 829
1517159129.829364883 -0.256719 -0.559629 2.10526 0 2018-01-29 01:05:29 829
1517159130.829397351 -0.259981 -0.376238 1.36842 0 2018-01-29 01:05:30 829
1517159131.829392839 -0.204119 -0.285679 1.36842 0 2018-01-29 01:05:31 829
1517159132.831166861 -0.151512 -0.148625 0.947368 0 2018-01-29 01:05:32 830
1517159133.829290999 -0.126052 0.00562061 0.947368 0 2018-01-29 01:05:33 829
1517159134.829403104 -0.146758 0.142803 0.736842 0 2018-01-29 01:05:34 829
1517159135.829367550 -0.236188 0.217725 0.736842 0 2018-01-29 01:05:35 829
1517159136.829377934 -0.242574 0.224279 0.631579 0 2018-01-29 01:05:36 829
1517159137.829416391 -0.311695 0.346802 0.631579 0 2018-01-29 01:05:37 829
1517159138.829378961 -0.330577 0.350818 0.526316 0 2018-01-29 01:05:38 829
1517159139.829372834 -0.330673 0.350812 0.526316 0 2018-01-29 01:05:39 829
1517159140.829498013 -0.294531 0.445515 0.421053 0 2018-01-29 01:05:40 829
1517159141.829386050 -0.252623 0.258822 0.421053 0 2018-01-29 01:05:41 829
1517159142.829393256 -0.252649 0.258885 0.631579 0 2018-01-29 01:05:42 829
1517159143.829369264 -0.252673 0.258884 0.631579 0 2018-01-29 01:05:43 829
1517159144.829334231 -0.252668 0.258897 0.736842 0 2018-01-29 01:05:44 829
1517159145.829366594 -0.252669 0.258898 0.736842 0 2018-01-29 01:05:45 829
1517159146.829400104 -0.25267 0.258897 0.736842 0 2018-01-29 01:05:46 829
1517159147.829350017 -0.252669 0.258899 0.736842 0 2018-01-29 01:05:47 829
1517159148.829519728 -0.252669 0.258898 0.842105 0 2018-01-29 01:05:48 829
1517159149.829360941 -0.252669 0.258899 0.842105 0 2018-01-29 01:05:49 829
1517159150.829966340 -0.252669 0.258899 0.631579 0 2018-01-29 01:05:50 829
1517159151.829376500 -0.252669 0.258899 0.631579 0 2018-01-29 01:05:51 829
1517159152.829392457 -0.252669 0.258899 0.526316 0 2018-01-29 01:05:52 829
1517159153.829463363 -0.252707 0.258855 0.526316 0 2018-01-29 01:05:53 829
1517159154.829397652 -0.252707 0.258855 0.315789 0 2018-01-29 01:05:54 829
1517159155.829668823 -0.252707 0.258855 0.315789 0 2018-01-29 01:05:55 829
1517159156.829671238 -0.252707 0.258855 0.315789 0 2018-01-29 01:05:56 829
1517159157.829687143 -0.252707 0.258855 0.315789 0 2018-01-29 01:05:57 829
1517159158.829692787 -0.252707 0.258855 0.421053 0 2018-01-29 01:05:58 829
1517159159.829929687 -0.252707 0.258855 0.421053 0 2018-01-29 01:05:59 829
1517159160.829854965 -0.252707 0.258855 0.210526 0 2018-01-29 01:06:00 829
1517159161.830054312 -0.252707 0.258855 0.210526 0 2018-01-29 01:06:01 829
1517159162.829893962 -0.252707 0.258855 0.315789 0 2018-01-29 01:06:02 829
1517159163.829817625 -0.252707 0.258855 0.315789 0 2018-01-29 01:06:03 829
1517159164.829721183 -0.252707 0.258855 0.210526 0 2018-01-29 01:06:04 829
1517159165.829747245 -0.188624 0.331472 0.210526 0 2018-01-29 01:06:05 829
1517159166.829383765 -0.154829 0.368995 0.315789 0 2018-01-29 01:06:06 829
1517159167.829379044 -0.0503173 0.446633 0.315789 0 2018-01-29 01:06:07 829
1517159168.829389532 -0.0495568 0.446965 0.210526 0 2018-01-29 01:06:08 829
1517159169.829354134 -0.0495477 0.447007 0.210526 0 2018-01-29 01:06:09 829
1517159170.829385716 -0.0495575 0.447014 0.210526 0 2018-01-29 01:06:10 829
1517159171.829359589 -0.049549 0.44702 0.210526 0 2018-01-29 01:06:11 829
1517159172.829399140 -0.0495511 0.44702 0.105263 0 2018-01-29 01:06:12 829
1517159173.829339887 -0.049551 0.447021 0.105263 0 2018-01-29 01:06:13 829
1517159174.829420376 -0.0495507 0.447021 0.210526 0 2018-01-29 01:06:14 829
1517159175.829665662 -0.0495508 0.447021 0.210526 0 2018-01-29 01:06:15 829
1517159176.829377080 -0.049551 0.447021 0.421053 0 2018-01-29 01:06:16 829
1517159177.829355276 -0.0495511 0.447021 0.421053 0 2018-01-29 01:06:17 829
1517159178.829422275 -0.049551 0.447021 0.315789 0 2018-01-29 01:06:18 829
1517159179.829361251 -0.049551 0.447021 0.315789 0 2018-01-29 01:06:19 829
1517159180.829394084 -0.049551 0.447021 0.105263 0 2018-01-29 01:06:20 829
1517159181.829381186 -0.049551 0.447021 0.105263 0 2018-01-29 01:06:21 829
1517159182.829395945 -0.049551 0.447021 0.210526 0 2018-01-29 01:06:22 829
1517159183.829374036 -0.049551 0.447021 0.210526 0 2018-01-29 01:06:23 829
1517159184.829383014 -0.049551 0.447021 0.105263 0 2018-01-29 01:06:24 829
1517159185.829369334 -0.00626618 0.465344 0.105263 0 2018-01-29 01:06:25 829
1517159186.830283699 0.0233748 0.516779 0.105263 0 2018-01-29 01:06:26 829
1517159187.829372914 0.0656891 0.689115 0.105263 0 2018-01-29 01:06:27 829
1517159188.829381527 0.0656578 0.689218 0.210526 0 2018-01-29 01:06:28 829
1517159189.829355452 0.0656523 0.689248 0.210526 0 2018-01-29 01:06:29 829
1517159190.829390055 0.0656463 0.689256 0.315789 0 2018-01-29 01:06:30 829
1517159191.829773886 0.0656547 0.689258 0.315789 0 2018-01-29 01:06:31 829
1517159192.829805885 0.0656553 0.689258 0.315789 0 2018-01-29 01:06:32 829
1517159193.829364226 0.155976 0.681423 0.315789 0 2018-01-29 01:06:33 829
1517159194.829406069 0.261016 0.668942 0.105263 0 2018-01-29 01:06:34 829
1517159195.829514528 0.261076 0.668942 0.105263 0 2018-01-29 01:06:35 829
1517159196.829444025 0.261053 0.668947 0.315789 0 2018-01-29 01:06:36 829
1517159197.829375657 0.261068 0.668946 0.315789 0 2018-01-29 01:06:37 829
1517159198.829358019 0.261066 0.668947 0.421053 0 2018-01-29 01:06:38 829
1517159199.829366632 0.261066 0.668947 0.421053 0 2018-01-29 01:06:39 829
1517159200.829449518 0.261067 0.668947 0.631579 0 2018-01-29 01:06:40 829
1517159201.829414328 0.299056 0.664269 0.631579 0 2018-01-29 01:06:41 829
1517159202.829445129 0.454424 0.609843 0.421053 0 2018-01-29 01:06:42 829
1517159203.829365146 0.469065 0.606415 0.421053 0 2018-01-29 01:06:43 829
1517159204.829386259 0.469069 0.606417 0.421053 0 2018-01-29 01:06:44 829
1517159205.829368777 0.489164 0.601764 0.421053 0 2018-01-29 01:06:45 829
1517159206.829507550 0.634286 0.565632 0.526316 0 2018-01-29 01:06:46 829
1517159207.829374857 0.783068 0.523637 0.526316 0 2018-01-29 01:06:47 829
1517159208.829401440 0.921864 0.479137 0.421053 0 2018-01-29 01:06:48 829
1517159209.829357135 1.02386 0.444941 0.421053 0 2018-01-29 01:06:49 829
1517159210.829389498 1.18985 0.40471 0.315789 0 2018-01-29 01:06:50 829
1517159211.829353006 1.22671 0.390533 0.315789 0 2018-01-29 01:06:51 829
1517159212.829548967 1.33215 0.348585 0.421053 0 2018-01-29 01:06:52 829
1517159213.829723782 1.47548 0.286536 0.421053 0 2018-01-29 01:06:53 829
1517159214.829527703 1.61471 0.252288 0.421053 0 2018-01-29 01:06:54 829
1517159215.829359905 1.68327 0.264153 0.421053 0 2018-01-29 01:06:55 829
1517159216.829467843 1.78916 0.350373 0.736842 0 2018-01-29 01:06:56 829
1517159217.829351193 1.93856 0.402117 0.736842 0 2018-01-29 01:06:57 829
1517159218.829391265 2.08378 0.448925 0.631579 0 2018-01-29 01:06:58 829
1517159219.829368315 2.1968 0.483962 0.631579 0 2018-01-29 01:06:59 829
1517159220.829378699 2.19701 0.484022 1.05263 0 2018-01-29 01:07:00 829
1517159221.829348977 2.21782 0.490342 1.05263 0 2018-01-29 01:07:01 829
1517159222.829342850 2.35849 0.531191 1.26316 0 2018-01-29 01:07:02 829
1517159223.829370005 2.46093 0.536118 1.26316 0 2018-01-29 01:07:03 829
1517159224.829412317 2.61561 0.559781 1.57895 0 2018-01-29 01:07:04 829
1517159225.829350980 2.76951 0.57877 1.57895 0 2018-01-29 01:07:05 829
1517159226.829373656 2.92575 0.594092 1.26316 0 2018-01-29 01:07:06 829
1517159227.829298934 3.07663 0.606479 1.26316 0 2018-01-29 01:07:07 829
1517159228.829469270 3.15139 0.630473 0.947368 0 2018-01-29 01:07:08 829
1517159229.829366630 3.29722 0.639338 0.947368 0 2018-01-29 01:07:09 829
1517159230.829711553 3.42096 0.594082 0.526316 0 2018-01-29 01:07:10 829
1517159231.829377085 3.46289 0.512316 0.526316 0 2018-01-29 01:07:11 829
1517159232.829377781 3.48768 0.442808 1.15789 0 2018-01-29 01:07:12 829
1517159233.829502855 3.4878 0.442925 1.15789 0 2018-01-29 01:07:13 829
1517159234.829387559 3.48784 0.442948 2 0 2018-01-29 01:07:14 829
1517159235.829610917 3.50471 0.371919 2 0 2018-01-29 01:07:15 829
1517159236.829382857 3.53507 0.224545 3.47368 0 2018-01-29 01:07:16 829
1517159237.829367095 3.51569 0.19346 3.47368 0 2018-01-29 01:07:17 829
1517159238.829382999 3.51571 0.193421 4.10526 0 2018-01-29 01:07:18 829
1517159239.829373331 3.53503 0.0733045 4.10526 0 2018-01-29 01:07:19 829
1517159240.829383090 3.55401 -0.0630566 5.26316 0 2018-01-29 01:07:20 829
1517159241.829367587 3.55431 -0.0654537 5.26316 0 2018-01-29 01:07:21 829
1517159242.829392503 3.55431 -0.0654397 5.36842 0 2018-01-29 01:07:22 829
1517159243.829362052 3.55431 -0.06544 5.36842 0 2018-01-29 01:07:23 829
1517159244.829398322 3.55431 -0.0654395 4.94737 0 2018-01-29 01:07:24 829
1517159245.829373653 3.56072 -0.118508 4.94737 0 2018-01-29 01:07:25 829
1517159246.829693941 3.57409 -0.256544 4.31579 0 2018-01-29 01:07:26 829
1517159247.829374056 3.57422 -0.258179 4.31579 0 2018-01-29 01:07:27 829
1517159248.829382461 3.57423 -0.258181 4 0 2018-01-29 01:07:28 829
1517159249.829361958 3.57423 -0.258185 4 0 2018-01-29 01:07:29 829
1517159250.829429323 3.57423 -0.258182 3.47368 0 2018-01-29 01:07:30 829
1517159251.829358455 3.58313 -0.367292 3.47368 0 2018-01-29 01:07:31 829
1517159252.829390245 3.59134 -0.485432 3.36842 0 2018-01-29 01:07:32 829
1517159253.829371357 3.61323 -0.469826 3.36842 0 2018-01-29 01:07:33 829
1517159254.829389867 3.61324 -0.469854 4.31579 0 2018-01-29 01:07:34 829
1517159255.829382958 3.61324 -0.469848 4.31579 0 2018-01-29 01:07:35 829
1517159256.829394801 3.61769 -0.580198 3.68421 0 2018-01-29 01:07:36 829
1517159257.829375236 3.62071 -0.731257 3.68421 0 2018-01-29 01:07:37 829
1517159258.829347337 3.62071 -0.738473 4.31579 0 2018-01-29 01:07:38 829
1517159259.829386576 3.62087 -0.779231 4.31579 0 2018-01-29 01:07:39 829
1517159260.829428263 3.62166 -0.929344 5.05263 0 2018-01-29 01:07:40 829
1517159261.829358593 3.61952 -1.08631 5.05263 0 2018-01-29 01:07:41 829
1517159262.829376268 3.62896 -1.14565 4.63158 0 2018-01-29 01:07:42 829
1517159263.829357902 3.65823 -1.02034 4.63158 0 2018-01-29 01:07:43 829
1517159264.829391828 3.65824 -1.02033 4.73684 0 2018-01-29 01:07:44 829
1517159265.829367367 3.65824 -1.02035 4.73684 0 2018-01-29 01:07:45 829
1517159266.829351865 3.65824 -1.02035 3.89474 0 2018-01-29 01:07:46 829
1517159267.829361988 3.65824 -1.02035 3.89474 0 2018-01-29 01:07:47 829
1517159268.829494667 3.65824 -1.02035 3.26316 0 2018-01-29 01:07:48 829
1517159269.829355151 3.65824 -1.02035 3.26316 0 2018-01-29 01:07:49 829
1517159270.830056334 3.65824 -1.02035 2.84211 0 2018-01-29 01:07:50 829
1517159271.829431649 3.65824 -1.02035 2.84211 0 2018-01-29 01:07:51 829
1517159272.829397657 3.65824 -1.02035 2.94737 0 2018-01-29 01:07:52 829
1517159273.829368665 3.65824 -1.02035 2.94737 0 2018-01-29 01:07:53 829
1517159274.829364413 3.65824 -1.02035 2.94737 0 2018-01-29 01:07:54 829
1517159275.829366880 3.65824 -1.02035 2.94737 0 2018-01-29 01:07:55 829
1517159276.829398046 3.65824 -1.02035 3.26316 0 2018-01-29 01:07:56 829
1517159277.829361189 3.65824 -1.02035 3.26316 0 2018-01-29 01:07:57 829
1517159278.829397876 3.65824 -1.02035 3.68421 0 2018-01-29 01:07:58 829
1517159279.829507845 3.65824 -1.02035 3.68421 0 2018-01-29 01:07:59 829
1517159280.829396039 3.65824 -1.02035 4.63158 0 2018-01-29 01:08:00 829
1517159281.829587364 3.65824 -1.02035 4.63158 0 2018-01-29 01:08:01 829
1517159282.829552643 3.65824 -1.02035 4.10526 0 2018-01-29 01:08:02 829
1517159283.829353178 3.65824 -1.02035 4.10526 0 2018-01-29 01:08:03 829
1517159284.829383041 3.65824 -1.02035 3.57895 0 2018-01-29 01:08:04 829
1517159285.829440770 3.65824 -1.02035 3.57895 0 2018-01-29 01:08:05 829
1517159286.829390319 3.65824 -1.02035 3.57895 0 2018-01-29 01:08:06 829
1517159287.829426745 3.65824 -1.02035 3.57895 0 2018-01-29 01:08:07 829
1517159288.829386607 3.65824 -1.02035 4 0 2018-01-29 01:08:08 829
1517159289.829368188 3.65824 -1.02035 4 0 2018-01-29 01:08:09 829
1517159290.829560243 3.65824 -1.02035 4.84211 0 2018-01-29 01:08:10 829
1517159291.829353018 3.6648 -0.957578 4.84211 0 2018-01-29 01:08:11 829
1517159292.829408194 3.67382 -0.872456 5.05263 0 2018-01-29 01:08:12 829
1517159293.829367431 3.6531 -0.965695 5.05263 0 2018-01-29 01:08:13 829
1517159294.829431150 3.5701 -1.06723 5.05263 0 2018-01-29 01:08:14 829
1517159295.829361063 3.47843 -1.19255 5.05263 0 2018-01-29 01:08:15 829
1517159296.829402801 3.32629 -1.18914 4.73684 0 2018-01-29 01:08:16 829
1517159297.829370841 3.20677 -1.11149 4.73684 0 2018-01-29 01:08:17 829
1517159298.829373516 3.07166 -1.02572 6.10526 0 2018-01-29 01:08:18 829
1517159299.829372233 2.99494 -0.975537 6.10526 0 2018-01-29 01:08:19 829
1517159300.829387096 2.95361 -0.95251 5.57895 0 2018-01-29 01:08:20 829
1517159301.829366802 2.89153 -0.922838 5.57895 0 2018-01-29 01:08:21 829
1517159302.829392759 2.77803 -0.827337 7.36842 0 2018-01-29 01:08:22 829
1517159303.829896645 2.73008 -0.735877 7.36842 0 2018-01-29 01:08:23 829
1517159304.829389620 2.75102 -0.626363 7.36842 0 2018-01-29 01:08:24 829
1517159305.829351982 2.75078 -0.626375 7.36842 0 2018-01-29 01:08:25 829
1517159306.829382522 2.75071 -0.626389 6.94737 0 2018-01-29 01:08:26 829
1517159307.829355145 2.75068 -0.626399 6.94737 0 2018-01-29 01:08:27 829
1517159308.829501626 2.78935 -0.543649 5.89474 0 2018-01-29 01:08:28 829
1517159309.829412737 2.84562 -0.428829 5.89474 0 2018-01-29 01:08:29 829
1517159310.829388380 2.88813 -0.29866 6 0 2018-01-29 01:08:30 829
1517159311.829367617 2.90401 -0.269064 6 0 2018-01-29 01:08:31 829
1517159312.829404095 2.90494 -0.232521 6.94737 0 2018-01-29 01:08:32 829
1517159313.829709331 2.90913 -0.0800286 6.94737 0 2018-01-29 01:08:33 829
1517159314.829385800 2.91126 -0.0275892 6.84211 0 2018-01-29 01:08:34 829
1517159315.829434205 2.91127 -0.0275436 6.84211 0 2018-01-29 01:08:35 829
1517159316.829489226 2.91298 0.020492 7.05263 0 2018-01-29 01:08:36 829
1517159317.829357992 2.92172 0.174274 7.05263 0 2018-01-29 01:08:37 829
1517159318.829421918 2.92701 0.261258 6.73684 0 2018-01-29 01:08:38 829
1517159319.829389697 2.927 0.261236 6.73684 0 2018-01-29 01:08:39 829
1517159320.829756236 2.93323 0.354711 7.05263 0 2018-01-29 01:08:40 829
1517159321.829625158 2.92761 0.431258 7.05263 0 2018-01-29 01:08:41 829
1517159322.829853672 2.9276 0.431247 7.05263 0 2018-01-29 01:08:42 829
1517159323.829296021 2.9276 0.431257 7.05263 0 2018-01-29 01:08:43 829
1517159324.829375365 2.94197 0.529549 6.94737 0 2018-01-29 01:08:44 829
1517159325.829367102 2.96691 0.682566 6.94737 0 2018-01-29 01:08:45 829
1517159326.829378997 2.94136 0.821848 5.26316 0 2018-01-29 01:08:46 829
1517159327.829878768 2.83528 0.932505 5.26316 0 2018-01-29 01:08:47 829
1517159328.829547372 2.62566 0.936868 2.63158 0 2018-01-29 01:08:48 829
1517159329.829366501 2.51524 0.798231 2.63158 0 2018-01-29 01:08:49 829
1517159330.829389333 2.5328 0.663527 0.736842 0 2018-01-29 01:08:50 829
1517159331.829432895 2.52222 0.638723 0.736842 0 2018-01-29 01:08:51 829
1517159332.829397913 2.46329 0.499894 0.526316 0 2018-01-29 01:08:52 829
1517159333.829367984 2.44601 0.460955 0.526316 0 2018-01-29 01:08:53 829
1517159334.829397274 2.446 0.460968 0.631579 0 2018-01-29 01:08:54 829
1517159335.829346563 2.39567 0.353076 0.631579 0 2018-01-29 01:08:55 829
1517159336.829377416 2.33134 0.221019 1.05263 0 2018-01-29 01:08:56 829
1517159337.829361445 2.32981 0.217925 1.05263 0 2018-01-29 01:08:57 829
1517159338.829348391 2.3255 0.208655 5.1579 0 2018-01-29 01:08:58 829
1517159339.829375546 2.28968 0.144241 5.1579 0 2018-01-29 01:08:59 829
1517159340.829380982 2.2239 0.0186726 7.78947 0 2018-01-29 01:09:00 829
1517159341.829385324 2.21656 -0.0104301 7.78947 0 2018-01-29 01:09:01 829
1517159342.829415187 2.21655 -0.0104267 8.52632 0 2018-01-29 01:09:02 829
1517159343.829449739 2.18636 -0.125497 8.52632 0 2018-01-29 01:09:03 829
1517159344.829390642 2.14696 -0.264828 8.73684 0 2018-01-29 01:09:04 829
1517159345.829371650 2.14442 -0.273176 8.73684 0 2018-01-29 01:09:05 829
1517159346.829377398 2.14443 -0.273168 11.3684 0 2018-01-29 01:09:06 829
1517159347.829358875 2.14443 -0.27317 11.3684 0 2018-01-29 01:09:07 829
1517159348.829358321 2.14443 -0.27317 12 0 2018-01-29 01:09:08 829
1517159349.829680171 2.14443 -0.273172 12 0 2018-01-29 01:09:09 829
1517159350.829392891 2.14443 -0.273171 11.7895 0 2018-01-29 01:09:10 829
1517159351.829367701 2.14443 -0.273171 11.7895 0 2018-01-29 01:09:11 829
1517159352.829390221 2.11261 -0.374702 11.6842 0 2018-01-29 01:09:12 829
1517159353.829412532 2.09933 -0.414462 11.6842 0 2018-01-29 01:09:13 829
1517159354.829402863 2.09933 -0.414451 12.2105 0 2018-01-29 01:09:14 829
1517159355.829356371 2.09933 -0.414472 12.2105 0 2018-01-29 01:09:15 829
1517159356.829392953 2.09933 -0.41447 12 0 2018-01-29 01:09:16 829
1517159357.829372659 2.09933 -0.41447 12 0 2018-01-29 01:09:17 829
1517159358.829394293 2.08885 -0.445813 12.5263 0 2018-01-29 01:09:18 829
1517159359.829581713 2.08754 -0.569323 12.5263 0 2018-01-29 01:09:19 829
1517159360.829385894 2.04114 -0.677517 12.3158 0 2018-01-29 01:09:20 829
1517159361.829643940 2.04115 -0.677505 12.3158 0 2018-01-29 01:09:21 829
1517159362.830061730 2.0349 -0.691901 12.4211 0 2018-01-29 01:09:22 829
1517159363.829384805 1.97529 -0.823437 12.4211 0 2018-01-29 01:09:23 829
1517159364.829371699 1.96741 -0.840021 13.5789 0 2018-01-29 01:09:24 829
1517159365.829373645 1.96741 -0.840019 13.5789 0 2018-01-29 01:09:25 829
1517159366.829389133 1.96741 -0.84002 13.5789 0 2018-01-29 01:09:26 829
1517159367.829380975 1.96742 -0.840018 13.5789 0 2018-01-29 01:09:27 829
1517159368.829442818 1.96742 -0.840017 13.8947 0 2018-01-29 01:09:28 829
1517159369.829381690 1.96742 -0.840017 13.8947 0 2018-01-29 01:09:29 829
1517159370.829549526 1.96742 -0.840017 13.4737 0 2018-01-29 01:09:30 829
1517159371.829347196 1.94106 -0.893911 13.4737 0 2018-01-29 01:09:31 829
1517159372.829385289 1.88902 -0.997505 13.7895 0 2018-01-29 01:09:32 829
1517159373.829357859 1.88906 -0.997447 13.7895 0 2018-01-29 01:09:33 829
1517159374.829388191 1.88906 -0.997441 12.6316 0 2018-01-29 01:09:34 829
1517159375.829355970 1.88905 -0.997453 12.6316 0 2018-01-29 01:09:35 829
1517159376.829392605 1.88905 -0.997452 10 0 2018-01-29 01:09:36 829
1517159377.829362883 1.88905 -0.997452 10 0 2018-01-29 01:09:37 829
1517159378.829378163 1.88906 -0.997452 6.42105 0 2018-01-29 01:09:38 829
1517159379.829355213 1.86829 -1.03883 6.42105 0 2018-01-29 01:09:39 829
1517159380.829442161 1.80044 -1.16914 6.84211 0 2018-01-29 01:09:40 829
1517159381.829383793 1.84035 -1.18594 6.84211 0 2018-01-29 01:09:41 829
1517159382.829672257 1.77909 -1.29149 5.05263 0 2018-01-29 01:09:42 829
1517159383.829391540 1.69136 -1.40967 5.05263 0 2018-01-29 01:09:43 829
1517159384.829584064 1.55441 -1.46201 1.89474 0 2018-01-29 01:09:44 829
1517159385.829369025 1.32416 -1.38662 1.89474 0 2018-01-29 01:09:45 829
1517159386.829578320 1.30717 -1.27519 0.315789 0 2018-01-29 01:09:46 829
1517159387.829362657 1.30058 -1.13475 0.315789 0 2018-01-29 01:09:47 829
1517159388.829442053 1.37033 -1.04262 0.631579 0 2018-01-29 01:09:48 829
1517159389.829368685 1.38838 -1.01563 0.631579 0 2018-01-29 01:09:49 829
1517159390.829390944 1.41091 -0.979904 0.947368 0 2018-01-29 01:09:50 829
1517159391.829384140 1.48062 -0.874052 0.947368 0 2018-01-29 01:09:51 829
1517159392.829476922 1.48158 -0.872622 1.68421 0 2018-01-29 01:09:52 829
1517159393.829374178 1.48158 -0.872617 1.68421 0 2018-01-29 01:09:53 829
1517159394.829380707 1.48682 -0.864845 4.73684 0 2018-01-29 01:09:54 829
1517159395.829328590 1.57098 -0.740319 4.73684 0 2018-01-29 01:09:55 829
1517159396.829383193 1.61705 -0.67394 11.4737 0 2018-01-29 01:09:56 829
1517159397.829373733 1.63884 -0.636228 11.4737 0 2018-01-29 01:09:57 829
1517159398.829380262 1.64211 -0.628983 20.3158 0 2018-01-29 01:09:58 829
1517159399.829362781 1.64211 -0.628999 20.3158 0 2018-01-29 01:09:59 829
1517159400.829459157 1.64212 -0.629 26.5263 0 2018-01-29 01:10:00 829
1517159401.829354798 1.64212 -0.629 26.5263 0 2018-01-29 01:10:01 829
1517159402.829398672 1.64212 -0.628999 28.5263 0 2018-01-29 01:10:02 829
1517159403.829361243 1.64212 -0.629 28.5263 0 2018-01-29 01:10:03 829
1517159404.829433868 1.64212 -0.629 26.2105 0 2018-01-29 01:10:04 829
1517159405.829352270 1.68497 -0.538436 26.2105 0 2018-01-29 01:10:05 829
1517159406.829381613 1.71017 -0.48715 26.8421 0 2018-01-29 01:10:06 829
1517159407.829359548 1.71016 -0.487164 26.8421 0 2018-01-29 01:10:07 829
1517159408.829393057 1.71016 -0.487146 26.3158 0 2018-01-29 01:10:08 829
1517159409.829376305 1.71016 -0.48715 26.3158 0 2018-01-29 01:10:09 829
1517159410.829377314 1.71391 -0.47959 23.5789 0 2018-01-29 01:10:10 829
1517159411.829515253 1.78157 -0.346668 23.5789 0 2018-01-29 01:10:11 829
1517159412.829375008 1.73347 -0.218406 22.8421 0 2018-01-29 01:10:12 829
1517159413.829417372 1.73356 -0.218177 22.8421 0 2018-01-29 01:10:13 829
1517159414.829379629 1.73357 -0.218178 22 0 2018-01-29 01:10:14 829
1517159415.829350325 1.76254 -0.120312 22 0 2018-01-29 01:10:15 829
1517159416.829384147 1.79198 -0.0279494 22.4211 0 2018-01-29 01:10:16 829
1517159417.829386197 1.79932 -0.00546554 22.4211 0 2018-01-29 01:10:17 829
1517159418.829407050 1.84593 0.130477 19.4737 0 2018-01-29 01:10:18 829
1517159419.829363891 1.87628 0.212943 19.4737 0 2018-01-29 01:10:19 829
1517159420.829383285 1.90715 0.294592 0.526316 0 2018-01-29 01:10:20 829
1517159421.829364762 1.89248 0.372124 0.526316 0 2018-01-29 01:10:21 829
1517159422.829422074 1.89248 0.372128 0.526316 0 2018-01-29 01:10:22 829
1517159423.829415791 1.89262 0.372491 0.526316 0 2018-01-29 01:10:23 829
1517159424.829388518 1.94172 0.49584 0.526316 0 2018-01-29 01:10:24 829
1517159425.829363536 1.98379 0.639766 0.526316 0 2018-01-29 01:10:25 829
1517159426.829512569 1.94411 0.790164 0.842105 0 2018-01-29 01:10:26 829
1517159427.829375085 1.82483 0.878284 0.842105 0 2018-01-29 01:10:27 829
1517159428.829397917 1.64371 0.822733 0.526316 0 2018-01-29 01:10:28 829
1517159429.829390488 1.55974 0.687331 0.526316 0 2018-01-29 01:10:29 829
1517159430.829382069 1.5205 0.566265 0.315789 0 2018-01-29 01:10:30 829
1517159431.829355213 1.50473 0.538511 0.315789 0 2018-01-29 01:10:31 829
1517159432.829416796 1.50247 0.408692 0.631579 0 2018-01-29 01:10:32 829
1517159433.829500098 1.50065 0.319171 0.631579 0 2018-01-29 01:10:33 829
1517159434.829401365 1.50062 0.31916 0.736842 0 2018-01-29 01:10:34 829
1517159435.829361487 1.49444 0.269764 0.736842 0 2018-01-29 01:10:35 829
1517159436.829410101 1.4911 0.252272 0.947368 0 2018-01-29 01:10:36 829
1517159437.829352566 1.46065 0.113799 0.947368 0 2018-01-29 01:10:37 829
1517159438.829500766 1.45689 0.0985026 0.842105 0 2018-01-29 01:10:38 829
1517159439.829367084 1.4569 0.0985028 0.842105 0 2018-01-29 01:10:39 829
1517159440.829482106 1.42938 -0.0185892 1.89474 0 2018-01-29 01:10:40 829
1517159441.829347121 1.45686 -0.0963769 1.89474 0 2018-01-29 01:10:41 829
1517159442.829391777 1.45687 -0.0963593 8 0 2018-01-29 01:10:42 829
1517159443.829360285 1.45688 -0.0963491 8 0 2018-01-29 01:10:43 829
1517159444.829555309 1.45687 -0.0963674 16 0 2018-01-29 01:10:44 829
1517159445.829362563 1.45687 -0.0963609 16 0 2018-01-29 01:10:45 829
1517159446.829379144 1.45687 -0.0963658 24.5263 0 2018-01-29 01:10:46 829
1517159447.829345048 1.45687 -0.0963659 24.5263 0 2018-01-29 01:10:47 829
1517159448.829414183 1.43511 -0.166337 23.5789 0 2018-01-29 01:10:48 829
1517159449.829355816 1.41717 -0.222093 23.5789 0 2018-01-29 01:10:49 829
1517159450.829527922 1.41717 -0.222096 24.1053 0 2018-01-29 01:10:50 829
1517159451.829414657 1.41717 -0.222095 24.1053 0 2018-01-29 01:10:51 829
1517159452.829380977 1.41717 -0.222097 25.4737 0 2018-01-29 01:10:52 829
1517159453.829353808 1.41717 -0.222097 25.4737 0 2018-01-29 01:10:53 829
1517159454.829378099 1.41717 -0.222096 28.3158 0 2018-01-29 01:10:54 829
1517159455.829688334 1.39765 -0.281243 28.3158 0 2018-01-29 01:10:55 829
1517159456.829398085 1.36597 -0.374428 29.3684 0 2018-01-29 01:10:56 829
1517159457.829361385 1.36595 -0.37448 29.3684 0 2018-01-29 01:10:57 829
1517159458.829395207 1.36595 -0.374481 28.7368 0 2018-01-29 01:10:58 829
1517159459.829349235 1.36596 -0.374478 28.7368 0 2018-01-29 01:10:59 829
1517159460.829398422 1.36595 -0.37448 30.4211 0 2018-01-29 01:11:00 829
1517159461.829379638 1.35176 -0.416148 30.4211 0 2018-01-29 01:11:01 829
1517159462.829384293 1.3086 -0.539109 31.3684 0 2018-01-29 01:11:02 829
1517159463.829443063 1.30842 -0.539623 31.3684 0 2018-01-29 01:11:03 829
1517159464.829379279 1.30843 -0.539613 35.6842 0 2018-01-29 01:11:04 829
1517159465.829337578 1.30843 -0.539614 35.6842 0 2018-01-29 01:11:05 829
1517159466.829600676 1.29888 -0.566617 33.8947 0 2018-01-29 01:11:06 829
1517159467.829415482 1.24726 -0.707669 33.8947 0 2018-01-29 01:11:07 829
1517159468.829388157 1.2201 -0.734828 37.8947 0 2018-01-29 01:11:08 829
1517159469.829362498 1.2201 -0.734834 37.8947 0 2018-01-29 01:11:09 829
1517159470.829389966 1.22011 -0.734826 38.4211 0 2018-01-29 01:11:10 829
1517159471.829300452 1.22011 -0.734831 38.4211 0 2018-01-29 01:11:11 829
1517159472.829382712 1.2111 -0.75632 39.4737 0 2018-01-29 01:11:12 829
1517159473.829374189 1.17672 -0.837755 39.4737 0 2018-01-29 01:11:13 829
1517159474.829391136 1.17673 -0.837743 3.68421 0 2018-01-29 01:11:14 829
1517159475.829351362 1.17673 -0.837742 3.68421 0 2018-01-29 01:11:15 829
1517159476.829397320 1.16386 -0.867711 3.85965 0 2018-01-29 01:11:16 829
1517159477.829373745 1.09965 -1.0058 3.85965 0 2018-01-29 01:11:17 829
1517159478.829394493 1.03055 -1.14687 2.94737 0 2018-01-29 01:11:18 829
1517159479.829353053 0.950583 -1.26535 2.94737 0 2018-01-29 01:11:19 829
1517159480.829331978 0.791909 -1.33085 2 0 2018-01-29 01:11:20 829
1517159481.829794144 0.665937 -1.24545 2 0 2018-01-29 01:11:21 829
1517159482.829823487 0.576935 -1.08199 0.421053 0 2018-01-29 01:11:22 829
1517159483.829363911 0.600049 -1.00863 0.421053 0 2018-01-29 01:11:23 829
1517159484.829384451 0.599853 -1.00875 0.315789 0 2018-01-29 01:11:24 829
1517159485.829475514 0.599796 -1.00879 0.315789 0 2018-01-29 01:11:25 829
1517159486.829397666 0.599779 -1.00881 0.526316 0 2018-01-29 01:11:26 829
1517159487.829373154 0.599775 -1.00881 0.526316 0 2018-01-29 01:11:27 829
1517159488.829401819 0.644491 -0.907205 1.26316 0 2018-01-29 01:11:28 829
1517159489.829360848 0.677335 -0.87468 1.26316 0 2018-01-29 01:11:29 829
1517159490.829380034 0.677288 -0.874654 1.36842 0 2018-01-29 01:11:30 829
1517159491.829309843 0.677271 -0.87465 1.36842 0 2018-01-29 01:11:31 829
1517159492.829392051 0.677265 -0.87465 1.89474 0 2018-01-29 01:11:32 829
1517159493.829581502 0.708727 -0.84573 1.89474 0 2018-01-29 01:11:33 829
1517159494.829384537 0.822769 -0.74442 2 0 2018-01-29 01:11:34 829
1517159495.829378254 0.842758 -0.727353 2 0 2018-01-29 01:11:35 829
1517159496.829461973 0.842742 -0.727361 4.31579 0 2018-01-29 01:11:36 829
1517159497.829361364 0.842743 -0.727359 4.31579 0 2018-01-29 01:11:37 829
1517159498.829609879 0.879265 -0.687706 6.52632 0 2018-01-29 01:11:38 829
1517159499.829382184 0.861054 -0.669285 6.52632 0 2018-01-29 01:11:39 829
1517159500.829383349 0.861155 -0.669165 10.6316 0 2018-01-29 01:11:40 829
1517159501.829357586 0.933561 -0.576736 10.6316 0 2018-01-29 01:11:41 829
1517159502.829452868 0.941949 -0.566305 95.7895 0 2018-01-29 01:11:42 829
1517159503.829387781 0.94195 -0.566302 95.7895 0 2018-01-29 01:11:43 829
1517159504.829381238 0.941951 -0.5663 102.632 0 2018-01-29 01:11:44 829
1517159505.829371777 0.941953 -0.566298 102.632 0 2018-01-29 01:11:45 829
1517159506.829385911 0.941952 -0.566299 102.316 0 2018-01-29 01:11:46 829
1517159507.829371190 0.941952 -0.566299 102.316 0 2018-01-29 01:11:47 829
1517159508.829379855 0.941952 -0.566299 104.211 0 2018-01-29 01:11:48 829
1517159509.829573265 0.967324 -0.534847 104.211 0 2018-01-29 01:11:49 829
1517159510.829383019 0.969948 -0.531604 103.789 0 2018-01-29 01:11:50 829
1517159511.829349078 0.969949 -0.531603 103.789 0 2018-01-29 01:11:51 829
1517159512.829385505 0.969949 -0.531604 101.263 0 2018-01-29 01:11:52 829
1517159513.829357658 0.969949 -0.531604 101.263 0 2018-01-29 01:11:53 829
1517159514.829402939 1.04377 -0.4417 96.7368 0 2018-01-29 01:11:54 829
1517159515.829373947 1.04762 -0.437119 96.7368 0 2018-01-29 01:11:55 829
1517159516.829394279 1.04763 -0.43711 88.4211 0 2018-01-29 01:11:56 829
1517159517.829355964 1.04762 -0.437111 88.4211 0 2018-01-29 01:11:57 829
1517159518.829594478 1.06595 -0.415288 83.7895 0 2018-01-29 01:11:58 829
1517159519.829488817 1.13151 -0.339116 83.7895 0 2018-01-29 01:11:59 829
1517159520.829386803 1.13151 -0.339113 81.0526 0 2018-01-29 01:12:00 829
1517159521.829368280 1.1315 -0.339119 81.0526 0 2018-01-29 01:12:01 829
1517159522.829411373 1.1315 -0.339117 73.2632 0 2018-01-29 01:12:02 829
1517159523.829499102 1.13443 -0.335712 73.2632 0 2018-01-29 01:12:03 829
1517159524.829357711 1.16439 -0.291885 64.3158 0 2018-01-29 01:12:04 829
1517159525.829646956 1.1644 -0.291888 64.3158 0 2018-01-29 01:12:05 829
1517159526.829390979 1.19651 -0.234854 60 0 2018-01-29 01:12:06 829
1517159527.829359175 1.24791 -0.145822 60 0 2018-01-29 01:12:07 829
1517159528.829405237 1.24794 -0.145774 23.6842 0 2018-01-29 01:12:08 829
1517159529.829352963 1.26851 -0.0987242 23.6842 0 2018-01-29 01:12:09 829
1517159530.829543976 1.23938 -0.0736879 17.193 0 2018-01-29 01:12:10 829
1517159531.829363366 1.23939 -0.0737043 17.193 0 2018-01-29 01:12:11 829
1517159532.829409584 1.2394 -0.0736978 13.3684 0 2018-01-29 01:12:12 829
1517159533.829303715 1.24965 -0.0200378 13.3684 0 2018-01-29 01:12:13 829
1517159534.829414934 1.26057 0.0920622 7.36842 0 2018-01-29 01:12:14 829
1517159535.829376775 1.26214 0.109889 7.36842 0 2018-01-29 01:12:15 829
1517159536.829555341 1.26214 0.109878 5.26316 0 2018-01-29 01:12:16 829
1517159537.829404783 1.26215 0.10995 5.26316 0 2018-01-29 01:12:17 829
1517159538.829452147 1.27392 0.228191 2.63158 0 2018-01-29 01:12:18 829
1517159539.829354507 1.27924 0.273564 2.63158 0 2018-01-29 01:12:19 829
1517159540.829407027 1.27924 0.273562 1.47368 0 2018-01-29 01:12:20 829
1517159541.829366108 1.28035 0.282756 1.47368 0 2018-01-29 01:12:21 829
1517159542.829360554 1.29921 0.431397 0.842105 0 2018-01-29 01:12:22 829
1517159543.829485107 1.31377 0.559029 0.842105 0 2018-01-29 01:12:23 829
1517159544.829388197 1.30996 0.610335 0.736842 0 2018-01-29 01:12:24 829
1517159545.830007346 1.24776 0.735731 0.736842 0 2018-01-29 01:12:25 829
1517159546.829528916 1.07084 0.827707 0.631579 0 2018-01-29 01:12:26 829
1517159547.829625447 0.908622 0.73764 0.631579 0 2018-01-29 01:12:27 829
1517159548.829382596 0.896318 0.680145 0.421053 0 2018-01-29 01:12:28 829
1517159549.829356364 0.882404 0.669495 0.421053 0 2018-01-29 01:12:29 829
1517159550.829408676 0.812128 0.56313 0.631579 0 2018-01-29 01:12:30 829
1517159551.829349787 0.865987 0.477047 0.631579 0 2018-01-29 01:12:31 829
1517159552.829388037 0.826438 0.342046 0.315789 0 2018-01-29 01:12:32 829
1517159553.829361128 0.81203 0.29367 0.315789 0 2018-01-29 01:12:33 829
1517159554.829392606 0.811996 0.293621 0.421053 0 2018-01-29 01:12:34 829
1517159555.829356739 0.811993 0.29363 0.421053 0 2018-01-29 01:12:35 829
1517159556.829396186 0.7863 0.20856 0.631579 0 2018-01-29 01:12:36 829
1517159557.829357246 0.760036 0.127642 0.631579 0 2018-01-29 01:12:37 829
1517159558.829479924 0.724462 0.0199302 0.736842 0 2018-01-29 01:12:38 829
1517159559.829351346 0.713744 -0.0116689 0.736842 0 2018-01-29 01:12:39 829
1517159560.829371938 0.713746 -0.0116731 1.26316 0 2018-01-29 01:12:40 829
1517159561.829357738 0.713749 -0.011666 1.26316 0 2018-01-29 01:12:41 829
1517159562.829398123 0.708065 -0.0282782 1.47368 0 2018-01-29 01:12:42 829
1517159563.829363297 0.665417 -0.150207 1.47368 0 2018-01-29 01:12:43 829
1517159564.829382588 0.643017 -0.104017 1.57895 0 2018-01-29 01:12:44 829
1517159565.829368752 0.642045 -0.106318 1.57895 0 2018-01-29 01:12:45 829
1517159566.829398720 0.587756 -0.236562 1.57895 0 2018-01-29 01:12:46 829
1517159567.829380509 0.579201 -0.257257 1.57895 0 2018-01-29 01:12:47 829
1517159568.829384799 0.579203 -0.257253 5.78947 0 2018-01-29 01:12:48 829
1517159569.829501800 0.579205 -0.257247 5.78947 0 2018-01-29 01:12:49 829
1517159570.829386348 0.579205 -0.257248 11.2632 0 2018-01-29 01:12:50 829
1517159571.829451316 0.579205 -0.257247 11.2632 0 2018-01-29 01:12:51 829
1517159572.829416751 0.541509 -0.34867 17.0526 0 2018-01-29 01:12:52 829
1517159573.829362446 0.519944 -0.400132 17.0526 0 2018-01-29 01:12:53 829
1517159574.829394393 0.519944 -0.400135 289.737 0 2018-01-29 01:12:54 829
1517159575.829343421 0.519942 -0.400141 289.737 0 2018-01-29 01:12:55 829
1517159576.829395421 0.519942 -0.40014 317.895 0 2018-01-29 01:12:56 829
1517159577.829292052 0.519942 -0.40014 317.895 0 2018-01-29 01:12:57 829
1517159578.829393167 0.519942 -0.40014 352.842 0 2018-01-29 01:12:58 829
1517159579.829369956 0.519942 -0.40014 352.842 0 2018-01-29 01:12:59 829
1517159580.829320130 0.519943 -0.400139 351.789 0 2018-01-29 01:13:00 829
1517159581.829359161 0.519394 -0.401438 351.789 0 2018-01-29 01:13:01 829
1517159582.829595019 0.499 -0.449637 354.105 0 2018-01-29 01:13:02 829
1517159583.829379355 0.498724 -0.450253 354.105 0 2018-01-29 01:13:03 829
1517159584.829375676 0.498725 -0.450252 236.053 0 2018-01-29 01:13:04 829
1517159585.829356216 0.498726 -0.45025 236.053 0 2018-01-29 01:13:05 829
1517159586.829405976 0.498725 -0.450252 219.605 0 2018-01-29 01:13:06 829
1517159587.829369379 0.498726 -0.450252 219.605 0 2018-01-29 01:13:07 829
1517159588.829395961 0.498725 -0.450252 205.053 0 2018-01-29 01:13:08 829
1517159589.829355406 0.498725 -0.450252 205.053 0 2018-01-29 01:13:09 829
1517159590.829384176 0.498725 -0.450252 206.526 0 2018-01-29 01:13:10 829
1517159591.829376435 0.498725 -0.450252 206.526 0 2018-01-29 01:13:11 829
1517159592.829449633 0.498725 -0.450252 203.368 0 2018-01-29 01:13:12 829
1517159593.829374077 0.498725 -0.450252 203.368 0 2018-01-29 01:13:13 829
1517159594.829403315 0.498725 -0.450252 205.053 0 2018-01-29 01:13:14 829
1517159595.829350312 0.499041 -0.449352 205.053 0 2018-01-29 01:13:15 829
1517159596.829376738 0.499041 -0.449352 358.421 0 2018-01-29 01:13:16 829
1517159597.829341860 0.499041 -0.449352 358.421 0 2018-01-29 01:13:17 829
1517159598.829386151 0.499041 -0.449352 368.421 0 2018-01-29 01:13:18 829
1517159599.829631385 0.499041 -0.449352 368.421 0 2018-01-29 01:13:19 829
1517159600.829425826 0.499041 -0.449352 367.895 0 2018-01-29 01:13:20 829
1517159601.829350374 0.499041 -0.449352 367.895 0 2018-01-29 01:13:21 829
1517159602.829390915 0.499041 -0.449352 371.684 0 2018-01-29 01:13:22 829
1517159603.829352131 0.499041 -0.449352 371.684 0 2018-01-29 01:13:23 829
1517159604.829567676 0.499041 -0.449352 363.368 0 2018-01-29 01:13:24 829
1517159605.829363419 0.499041 -0.449352 363.368 0 2018-01-29 01:13:25 829
1517159606.829398491 0.499041 -0.449352 360.526 0 2018-01-29 01:13:26 829
1517159607.829356218 0.499041 -0.449352 360.526 0 2018-01-29 01:13:27 829
1517159608.829444885 0.499041 -0.449352 362.421 0 2018-01-29 01:13:28 829
1517159609.829535219 0.499041 -0.449352 362.421 0 2018-01-29 01:13:29 829
1517159610.829530498 0.499041 -0.449352 369.895 0 2018-01-29 01:13:30 829
1517159611.829354419 0.499041 -0.449352 369.895 0 2018-01-29 01:13:31 829
1517159612.829385793 0.499041 -0.449352 378.526 0 2018-01-29 01:13:32 829
1517159613.829368780 0.499041 -0.449352 378.526 0 2018-01-29 01:13:33 829
1517159614.829384320 0.499041 -0.449352 368.737 0 2018-01-29 01:13:34 829
1517159615.829377985 0.499041 -0.449352 368.737 0 2018-01-29 01:13:35 829
1517159616.829393265 0.499041 -0.449352 353.579 0 2018-01-29 01:13:36 829
1517159617.829363231 0.514639 -0.40368 353.579 0 2018-01-29 01:13:37 829
1517159618.829380178 0.509989 -0.41745 349.684 0 2018-01-29 01:13:38 829
1517159619.829360144 0.501141 -0.458292 349.684 0 2018-01-29 01:13:39 829
1517159620.829369070 0.503229 -0.439893 352.632 0 2018-01-29 01:13:40 829
1517159621.829563677 0.504711 -0.42522 352.632 0 2018-01-29 01:13:41 829
1517159622.829388796 0.50265 -0.464357 353.789 0 2018-01-29 01:13:42 829
1517159623.829358189 0.502644 -0.464354 353.789 0 2018-01-29 01:13:43 829
1517159624.829388782 0.501267 -0.429822 352.842 0 2018-01-29 01:13:44 829
1517159625.829693704 0.497874 -0.338975 352.842 0 2018-01-29 01:13:45 829
1517159626.829454082 0.533378 -0.283059 75.7895 0 2018-01-29 01:13:46 829
1517159627.829364046 0.528083 -0.190181 75.7895 0 2018-01-29 01:13:47 829
1517159628.829388128 0.557561 -0.295837 34.2105 0 2018-01-29 01:13:48 829
1517159629.829351219 0.573593 -0.32404 34.2105 0 2018-01-29 01:13:49 829
1517159630.829485513 0.585802 -0.350996 8.94737 0 2018-01-29 01:13:50 829
1517159631.829367404 0.620196 -0.371033 8.94737 0 2018-01-29 01:13:51 829
1517159632.829438414 0.640738 -0.410128 73.6842 0 2018-01-29 01:13:52 829
1517159633.829354577 0.642086 -0.413243 73.6842 0 2018-01-29 01:13:53 829
1517159634.829593300 0.642087 -0.413237 165.263 0 2018-01-29 01:13:54 829
1517159635.829362584 0.642092 -0.413246 165.263 0 2018-01-29 01:13:55 829
1517159636.829320310 0.642092 -0.413246 187.053 0 2018-01-29 01:13:56 829
1517159637.829354809 0.642092 -0.413245 187.053 0 2018-01-29 01:13:57 829
1517159638.829382277 0.659918 -0.452717 213.474 0 2018-01-29 01:13:58 829
1517159639.829390734 0.666177 -0.466762 213.474 0 2018-01-29 01:13:59 829
1517159640.829366273 0.679313 -0.510815 209.579 0 2018-01-29 01:14:00 829
1517159641.829509525 0.679356 -0.510952 209.579 0 2018-01-29 01:14:01 829
1517159642.829401260 0.679361 -0.510951 195.158 0 2018-01-29 01:14:02 829
1517159643.829362580 0.680432 -0.515766 195.158 0 2018-01-29 01:14:03 829
1517159644.829373485 0.689496 -0.554428 180.316 0 2018-01-29 01:14:04 829
1517159645.829356576 0.689499 -0.554444 180.316 0 2018-01-29 01:14:05 829
1517159646.829402846 0.716788 -0.676805 176.211 0 2018-01-29 01:14:06 829
1517159647.829321457 0.721859 -0.701594 176.211 0 2018-01-29 01:14:07 829
1517159648.829388822 0.721869 -0.701627 37.6316 0 2018-01-29 01:14:08 829
1517159649.829362173 0.721867 -0.701617 37.6316 0 2018-01-29 01:14:09 829
1517159650.829410162 0.721869 -0.701624 8.94737 0 2018-01-29 01:14:10 829
1517159651.829357211 0.72187 -0.701626 8.94737 0 2018-01-29 01:14:11 829
1517159652.829395773 0.721869 -0.701625 10.7018 0 2018-01-29 01:14:12 829
1517159653.829368135 0.734039 -0.762228 10.7018 0 2018-01-29 01:14:13 829
1517159654.829398103 0.750994 -0.848125 9.68421 0 2018-01-29 01:14:14 829
1517159655.829368798 0.75467 -0.916895 9.68421 0 2018-01-29 01:14:15 829
1517159656.829397984 0.692223 -1.06806 6.21053 0 2018-01-29 01:14:16 829
1517159657.829465713 0.554068 -1.11999 6.21053 0 2018-01-29 01:14:17 829
1517159658.829384168 0.395749 -1.08715 2.42105 0 2018-01-29 01:14:18 829
1517159659.829356009 0.244146 -1.04459 2.42105 0 2018-01-29 01:14:19 829
1517159660.829464573 0.192926 -1.02796 0.947368 0 2018-01-29 01:14:20 829
1517159661.829530270 0.192956 -1.02803 0.947368 0 2018-01-29 01:14:21 829
1517159662.829391171 0.192973 -1.02805 0.526316 0 2018-01-29 01:14:22 829
1517159663.829454629 0.192968 -1.02805 0.526316 0 2018-01-29 01:14:23 829
1517159664.829540067 0.192972 -1.02805 0.315789 0 2018-01-29 01:14:24 829
1517159665.829382478 0.192971 -1.02805 0.315789 0 2018-01-29 01:14:25 829
1517159666.829465103 0.192972 -1.02805 0.421053 0 2018-01-29 01:14:26 829
1517159667.829362099 0.192971 -1.02805 0.421053 0 2018-01-29 01:14:27 829
1517159668.829404202 0.192971 -1.02805 0.526316 0 2018-01-29 01:14:28 829
1517159669.829361616 0.192971 -1.02805 0.526316 0 2018-01-29 01:14:29 829
1517159670.829381584 0.192971 -1.02805 0.421053 0 2018-01-29 01:14:30 829
1517159671.829592181 0.192971 -1.02805 0.421053 0 2018-01-29 01:14:31 829
1517159672.829709911 0.192971 -1.02805 0.315789 0 2018-01-29 01:14:32 829
1517159673.829372786 0.192971 -1.02805 0.315789 0 2018-01-29 01:14:33 829
1517159674.829420255 0.192971 -1.02805 0.315789 0 2018-01-29 01:14:34 829
1517159675.829501213 0.192971 -1.02805 0.315789 0 2018-01-29 01:14:35 829
1517159676.829364979 0.192971 -1.02805 0.631579 0 2018-01-29 01:14:36 829
1517159677.829349060 0.192971 -1.02805 0.631579 0 2018-01-29 01:14:37 829
1517159678.829395330 0.192971 -1.02805 0.526316 0 2018-01-29 01:14:38 829
1517159679.829393786 0.192971 -1.02805 0.526316 0 2018-01-29 01:14:39 829
1517159680.829384222 0.192971 -1.02805 0.736842 0 2018-01-29 01:14:40 829
1517159681.829373876 0.192971 -1.02805 0.736842 0 2018-01-29 01:14:41 829
1517159682.829384989 0.192971 -1.02805 0.947368 0 2018-01-29 01:14:42 829
1517159683.829341778 0.192971 -1.02805 0.947368 0 2018-01-29 01:14:43 829
1517159684.829603679 0.192971 -1.02805 0.842105 0 2018-01-29 01:14:44 829
1517159685.829354056 0.192971 -1.02805 0.842105 0 2018-01-29 01:14:45 829
1517159686.829370065 0.192971 -1.02805 0.736842 0 2018-01-29 01:14:46 829
1517159687.829353156 0.192971 -1.02805 0.736842 0 2018-01-29 01:14:47 829
1517159688.829382655 0.192971 -1.02805 0.315789 0 2018-01-29 01:14:48 829
1517159689.829479708 0.192971 -1.02805 0.315789 0 2018-01-29 01:14:49 829
1517159690.829393735 0.192971 -1.02805 0.421053 0 2018-01-29 01:14:50 829
1517159691.829357972 0.192971 -1.02805 0.421053 0 2018-01-29 01:14:51 829
1517159692.829393305 0.192971 -1.02805 0.736842 0 2018-01-29 01:14:52 829
1517159693.829367021 0.192971 -1.02805 0.736842 0 2018-01-29 01:14:53 829
1517159694.829406468 0.192971 -1.02805 0.842105 0 2018-01-29 01:14:54 829
1517159695.829432686 0.192971 -1.02805 0.842105 0 2018-01-29 01:14:55 829
1517159696.829388693 0.192971 -1.02805 0.736842 0 2018-01-29 01:14:56 829
1517159697.829458974 0.192971 -1.02805 0.736842 0 2018-01-29 01:14:57 829
1517159698.829394981 0.192971 -1.02805 0.842105 0 2018-01-29 01:14:58 829
1517159699.829357187 0.192971 -1.02805 0.842105 0 2018-01-29 01:14:59 829
1517159700.829402624 0.192971 -1.02805 0.631579 0 2018-01-29 01:15:00 829
1517159701.829868280 0.192971 -1.02805 0.631579 0 2018-01-29 01:15:01 829
1517159702.829381203 0.192971 -1.02805 0.210526 0 2018-01-29 01:15:02 829
1517159703.829367992 0.192971 -1.02805 0.210526 0 2018-01-29 01:15:03 829
1517159704.829604267 0.192971 -1.02805 0.315789 0 2018-01-29 01:15:04 829
1517159705.829727571 0.192971 -1.02805 0.315789 0 2018-01-29 01:15:05 829
1517159706.829415967 0.192971 -1.02805 0.421053 0 2018-01-29 01:15:06 829
1517159707.829404163 0.192971 -1.02805 0.421053 0 2018-01-29 01:15:07 829
1517159708.829394078 0.192971 -1.02805 0.736842 0 2018-01-29 01:15:08 829
1517159709.829356231 0.192971 -1.02805 0.736842 0 2018-01-29 01:15:09 829
1517159710.829398751 0.192971 -1.02805 0.842105 0 2018-01-29 01:15:10 829
