#timeStamp px(m) py(m) doseRate(uSv/h)
1517160021.722563588 6.93889e-18 -2.6502e-20 0.421053 0 2018-01-29 01:20:21 722
1517160021.722984641 6.93889e-18 -2.6502e-20 0.421053 0 2018-01-29 01:20:21 722
1517160022.723173154 6.93889e-18 -2.6502e-20 0.631579 0 2018-01-29 01:20:22 723
1517160023.723111453 6.93889e-18 -2.6502e-20 0.631579 0 2018-01-29 01:20:23 723
1517160024.723112045 6.93889e-18 -2.6502e-20 0.631579 0 2018-01-29 01:20:24 723
1517160025.723078677 6.93889e-18 -2.6502e-20 0.631579 0 2018-01-29 01:20:25 723
1517160026.723139427 6.93889e-18 -2.6502e-20 0.631579 0 2018-01-29 01:20:26 723
1517160027.723124290 6.93889e-18 -2.6502e-20 0.631579 0 2018-01-29 01:20:27 723
1517160028.723133788 6.93889e-18 -2.6502e-20 0.526316 0 2018-01-29 01:20:28 723
1517160029.723135682 6.93889e-18 -2.6502e-20 0.526316 0 2018-01-29 01:20:29 723
1517160030.723137837 6.93889e-18 -2.6502e-20 0.421053 0 2018-01-29 01:20:30 723
1517160031.723105771 6.93889e-18 -2.6502e-20 0.421053 0 2018-01-29 01:20:31 723
1517160032.723158604 6.93889e-18 -2.6502e-20 0.842105 0 2018-01-29 01:20:32 723
1517160033.723167738 6.93889e-18 -2.6502e-20 0.842105 0 2018-01-29 01:20:33 723
1517160034.723134163 6.93889e-18 -2.6502e-20 1.05263 0 2018-01-29 01:20:34 723
1517160035.723275175 6.93889e-18 -2.6502e-20 1.05263 0 2018-01-29 01:20:35 723
1517160036.723157378 6.93889e-18 -2.6502e-20 0.631579 0 2018-01-29 01:20:36 723
1517160037.723118386 6.93889e-18 -2.6502e-20 0.631579 0 2018-01-29 01:20:37 723
1517160038.723683471 6.93889e-18 -2.6502e-20 0.421053 0 2018-01-29 01:20:38 723
1517160039.723124570 6.93889e-18 -2.6502e-20 0.421053 0 2018-01-29 01:20:39 723
1517160040.723131412 6.93889e-18 -2.6502e-20 0.631579 0 2018-01-29 01:20:40 723
1517160041.723071221 6.93889e-18 -2.6502e-20 0.631579 0 2018-01-29 01:20:41 723
1517160042.723328643 6.93889e-18 -2.6502e-20 0.315789 0 2018-01-29 01:20:42 723
1517160043.723140949 6.93889e-18 -2.6502e-20 0.315789 0 2018-01-29 01:20:43 723
1517160044.723132478 6.93889e-18 -2.6502e-20 0.421053 0 2018-01-29 01:20:44 723
1517160045.723128434 6.93889e-18 -2.6502e-20 0.421053 0 2018-01-29 01:20:45 723
1517160046.723137516 6.93889e-18 -2.6502e-20 0.736842 0 2018-01-29 01:20:46 723
1517160047.723346499 6.93889e-18 -2.6502e-20 0.736842 0 2018-01-29 01:20:47 723
1517160048.723148752 6.93889e-18 -2.6502e-20 0.631579 0 2018-01-29 01:20:48 723
1517160049.723111947 6.93889e-18 -2.6502e-20 0.631579 0 2018-01-29 01:20:49 723
1517160050.723146967 6.93889e-18 -2.6502e-20 1.36842 0 2018-01-29 01:20:50 723
1517160051.723104641 6.93889e-18 -2.6502e-20 1.36842 0 2018-01-29 01:20:51 723
1517160052.723138932 6.93889e-18 -2.6502e-20 1.15789 0 2018-01-29 01:20:52 723
1517160053.723113690 6.93889e-18 -2.6502e-20 1.15789 0 2018-01-29 01:20:53 723
1517160054.723139960 6.93889e-18 -2.6502e-20 0.947368 0 2018-01-29 01:20:54 723
1517160055.723109718 6.93889e-18 -2.6502e-20 0.947368 0 2018-01-29 01:20:55 723
1517160056.723299377 6.93889e-18 -2.6502e-20 0.947368 0 2018-01-29 01:20:56 723
1517160057.723111891 6.93889e-18 -2.6502e-20 0.947368 0 2018-01-29 01:20:57 723
1517160058.723256185 6.93889e-18 -2.6502e-20 1.15789 0 2018-01-29 01:20:58 723
1517160059.723340216 6.93889e-18 -2.6502e-20 1.15789 0 2018-01-29 01:20:59 723
1517160060.723143824 6.93889e-18 -2.6502e-20 1.57895 0 2018-01-29 01:21:00 723
1517160061.723282493 6.93889e-18 -2.6502e-20 1.57895 0 2018-01-29 01:21:01 723
1517160062.723135529 6.93889e-18 -2.6502e-20 1.15789 0 2018-01-29 01:21:02 723
1517160063.723255134 6.93889e-18 -2.6502e-20 1.15789 0 2018-01-29 01:21:03 723
1517160064.723484638 6.93889e-18 -2.6502e-20 1.26316 0 2018-01-29 01:21:04 723
1517160065.723126106 6.93889e-18 -2.6502e-20 1.26316 0 2018-01-29 01:21:05 723
1517160066.723135344 6.93889e-18 -2.6502e-20 0.947368 0 2018-01-29 01:21:06 723
1517160067.723110988 6.93889e-18 -2.6502e-20 0.947368 0 2018-01-29 01:21:07 723
1517160068.723304032 6.93889e-18 -2.6502e-20 1.05263 0 2018-01-29 01:21:08 723
1517160069.723769167 6.93889e-18 -2.6502e-20 1.05263 0 2018-01-29 01:21:09 723
1517160070.723202297 6.93889e-18 -2.6502e-20 1.47368 0 2018-01-29 01:21:10 723
1517160071.723115126 6.93889e-18 -2.6502e-20 1.47368 0 2018-01-29 01:21:11 723
1517160072.723176762 6.93889e-18 -2.6502e-20 1.36842 0 2018-01-29 01:21:12 723
1517160073.723105060 6.93889e-18 -2.6502e-20 1.36842 0 2018-01-29 01:21:13 723
1517160074.723144455 6.93889e-18 -2.6502e-20 1.26316 0 2018-01-29 01:21:14 723
1517160075.723364323 6.93889e-18 -2.6502e-20 1.26316 0 2018-01-29 01:21:15 723
1517160076.723070793 6.93889e-18 -2.6502e-20 0.842105 0 2018-01-29 01:21:16 722
1517160077.723108990 6.93889e-18 -2.6502e-20 0.842105 0 2018-01-29 01:21:17 723
1517160078.723137812 6.93889e-18 -2.6502e-20 0.842105 0 2018-01-29 01:21:18 723
1517160079.723059600 6.93889e-18 -2.6502e-20 0.842105 0 2018-01-29 01:21:19 722
1517160080.723872036 6.93889e-18 -2.6502e-20 0.526316 0 2018-01-29 01:21:20 723
1517160081.723036409 6.93889e-18 -2.6502e-20 0.526316 0 2018-01-29 01:21:21 722
1517160082.723471699 6.93889e-18 -2.6502e-20 0.526316 0 2018-01-29 01:21:22 723
1517160083.723450415 6.93889e-18 -2.6502e-20 0.526316 0 2018-01-29 01:21:23 723
1517160084.723447882 6.93889e-18 -2.6502e-20 1.26316 0 2018-01-29 01:21:24 723
1517160085.723487590 6.93889e-18 -2.6502e-20 1.26316 0 2018-01-29 01:21:25 723
1517160086.723505890 6.93889e-18 -2.6502e-20 0.736842 0 2018-01-29 01:21:26 723
1517160087.723464398 6.93889e-18 -2.6502e-20 0.736842 0 2018-01-29 01:21:27 723
1517160088.723600827 6.93889e-18 -2.6502e-20 0.631579 0 2018-01-29 01:21:28 723
1517160089.723447040 6.93889e-18 -2.6502e-20 0.631579 0 2018-01-29 01:21:29 723
1517160090.723614355 6.93889e-18 -2.6502e-20 0.736842 0 2018-01-29 01:21:30 723
1517160091.723470724 6.93889e-18 -2.6502e-20 0.736842 0 2018-01-29 01:21:31 723
1517160092.723556996 6.93889e-18 -2.6502e-20 0.842105 0 2018-01-29 01:21:32 723
1517160093.723555140 6.93889e-18 -2.6502e-20 0.842105 0 2018-01-29 01:21:33 723
1517160094.723557294 6.93889e-18 -2.6502e-20 0.631579 0 2018-01-29 01:21:34 723
1517160095.723611116 6.93889e-18 -2.6502e-20 0.631579 0 2018-01-29 01:21:35 723
1517160096.723769160 6.93889e-18 -2.6502e-20 0.526316 0 2018-01-29 01:21:36 723
1517160097.723445004 6.93889e-18 -2.6502e-20 0.526316 0 2018-01-29 01:21:37 723
1517160098.723528307 6.93889e-18 -2.6502e-20 0.736842 0 2018-01-29 01:21:38 723
1517160099.723447543 6.93889e-18 -2.6502e-20 0.736842 0 2018-01-29 01:21:39 723
1517160100.723470687 6.93889e-18 -2.6502e-20 0.736842 0 2018-01-29 01:21:40 723
1517160101.723891706 6.93889e-18 -2.6502e-20 0.736842 0 2018-01-29 01:21:41 723
1517160102.723480830 6.93889e-18 -2.6502e-20 1.05263 0 2018-01-29 01:21:42 723
1517160103.723580382 6.93889e-18 -2.6502e-20 1.05263 0 2018-01-29 01:21:43 723
1517160104.723128203 6.93889e-18 -2.6502e-20 0.947368 0 2018-01-29 01:21:44 723
1517160105.723564899 6.93889e-18 -2.6502e-20 0.947368 0 2018-01-29 01:21:45 723
1517160106.723503719 0.11764 -0.000926979 0.842105 0 2018-01-29 01:21:46 723
1517160107.723674107 0.229343 -0.00731226 0.842105 0 2018-01-29 01:21:47 723
1517160108.723482194 0.354311 -0.0277237 1.15789 0 2018-01-29 01:21:48 723
1517160109.723934047 0.504697 -0.0553324 1.15789 0 2018-01-29 01:21:49 723
1517160110.723464575 0.65504 -0.0856309 1.05263 0 2018-01-29 01:21:50 723
1517160111.723278913 0.803815 -0.11923 1.05263 0 2018-01-29 01:21:51 723
1517160112.723161689 0.928638 -0.155144 1.68421 0 2018-01-29 01:21:52 723
1517160113.723103529 1.01157 -0.177678 1.68421 0 2018-01-29 01:21:53 723
1517160114.723155373 1.089 -0.192558 1.57895 0 2018-01-29 01:21:54 723
1517160115.723117110 1.234 -0.220571 1.57895 0 2018-01-29 01:21:55 723
1517160116.723134942 1.35477 -0.222819 1.78947 0 2018-01-29 01:21:56 723
1517160117.723297881 1.5064 -0.193437 1.78947 0 2018-01-29 01:21:57 723
1517160118.723149303 1.65958 -0.148368 1.57895 0 2018-01-29 01:21:58 723
1517160119.723125155 1.81182 -0.139136 1.57895 0 2018-01-29 01:21:59 723
1517160120.723138976 1.96182 -0.131694 1.36842 0 2018-01-29 01:22:00 723
1517160121.723109359 2.11464 -0.125737 1.36842 0 2018-01-29 01:22:01 723
1517160122.723164744 2.25527 -0.108846 2.21053 0 2018-01-29 01:22:02 723
1517160123.723136325 2.40197 -0.105816 2.21053 0 2018-01-29 01:22:03 723
1517160124.723144521 2.52484 -0.0805755 5.47368 0 2018-01-29 01:22:04 723
1517160125.723119071 2.6737 -0.0481399 5.47368 0 2018-01-29 01:22:05 723
1517160126.723131434 2.82271 -0.0172654 8.31579 0 2018-01-29 01:22:06 723
1517160127.723135568 2.95149 0.0367698 8.31579 0 2018-01-29 01:22:07 723
1517160128.723159233 3.08441 0.0607322 8.42105 0 2018-01-29 01:22:08 723
1517160129.723107011 3.23594 0.0861783 8.42105 0 2018-01-29 01:22:09 723
1517160130.723145573 3.38406 0.108511 7.78947 0 2018-01-29 01:22:10 723
1517160131.723177103 3.53381 0.128073 7.78947 0 2018-01-29 01:22:11 723
1517160132.723133423 3.69375 0.157225 6 0 2018-01-29 01:22:12 723
1517160133.723120473 3.82291 0.169678 6 0 2018-01-29 01:22:13 723
1517160134.723143253 3.96667 0.178232 4.73684 0 2018-01-29 01:22:14 723
1517160135.723123844 4.10968 0.14256 4.73684 0 2018-01-29 01:22:15 723
1517160136.723198240 4.22649 0.0783856 4.42105 0 2018-01-29 01:22:16 723
1517160137.723104247 4.31736 -0.038977 4.42105 0 2018-01-29 01:22:17 723
1517160138.723158954 4.37611 -0.147746 4 0 2018-01-29 01:22:18 723
1517160139.723126056 4.43598 -0.289498 4 0 2018-01-29 01:22:19 723
1517160140.723137273 4.48804 -0.432562 3.57895 0 2018-01-29 01:22:20 723
1517160141.723110052 4.47586 -0.542019 3.57895 0 2018-01-29 01:22:21 723
1517160142.723138145 4.49327 -0.690909 2.94737 0 2018-01-29 01:22:22 723
1517160143.723110767 4.50597 -0.839002 2.94737 0 2018-01-29 01:22:23 723
1517160144.723132922 4.51366 -0.989097 2.52632 0 2018-01-29 01:22:24 723
1517160145.723393521 4.51719 -1.14074 2.52632 0 2018-01-29 01:22:25 723
1517160146.723139627 4.53394 -1.29516 1.57895 0 2018-01-29 01:22:26 723
1517160147.723111052 4.52902 -1.44463 1.57895 0 2018-01-29 01:22:27 723
1517160148.723186281 4.5211 -1.59243 0.842105 0 2018-01-29 01:22:28 723
1517160149.723129111 4.5098 -1.74248 0.842105 0 2018-01-29 01:22:29 723
1517160150.723160745 4.49632 -1.89268 0.421053 0 2018-01-29 01:22:30 723
1517160151.723116857 4.4937 -2.07361 0.421053 0 2018-01-29 01:22:31 723
1517160152.723139377 4.46763 -2.2226 0.315789 0 2018-01-29 01:22:32 723
1517160153.723119551 4.43799 -2.36868 0.315789 0 2018-01-29 01:22:33 723
1517160154.723710627 4.41382 -2.49262 0.315789 0 2018-01-29 01:22:34 723
1517160155.723112350 4.40695 -2.58531 0.315789 0 2018-01-29 01:22:35 723
1517160156.723133150 4.42174 -2.72592 0.105263 0 2018-01-29 01:22:36 723
1517160157.723127076 4.41137 -2.87774 0.105263 0 2018-01-29 01:22:37 723
1517160158.723139439 4.39648 -3.02788 0 0 2018-01-29 01:22:38 723
1517160159.723120291 4.37847 -3.17267 0 0 2018-01-29 01:22:39 723
1517160160.723126039 4.35651 -3.32226 0.210526 0 2018-01-29 01:22:40 723
1517160161.723112724 4.37883 -3.43542 0.210526 0 2018-01-29 01:22:41 723
1517160162.723137692 4.31586 -3.56933 0.210526 0 2018-01-29 01:22:42 723
1517160163.723113960 4.1976 -3.66082 0.210526 0 2018-01-29 01:22:43 723
1517160164.723162418 3.95397 -3.57946 0.315789 0 2018-01-29 01:22:44 723
1517160165.723111863 3.86296 -3.5653 0.315789 0 2018-01-29 01:22:45 723
1517160166.723133914 3.73928 -3.61469 0.210526 0 2018-01-29 01:22:46 723
1517160167.723119609 3.59552 -3.5768 0.210526 0 2018-01-29 01:22:47 723
1517160168.723427292 3.45257 -3.53667 0.315789 0 2018-01-29 01:22:48 723
1517160169.723431530 3.30777 -3.49108 0.315789 0 2018-01-29 01:22:49 723
1517160170.723170866 3.16732 -3.43451 0.315789 0 2018-01-29 01:22:50 723
1517160171.723113696 3.02999 -3.34327 0.315789 0 2018-01-29 01:22:51 723
1517160172.723137518 2.89263 -3.28284 0.421053 0 2018-01-29 01:22:52 723
1517160173.723128265 2.7559 -3.22208 0.421053 0 2018-01-29 01:22:53 723
1517160174.724127008 2.62162 -3.15959 0.421053 0 2018-01-29 01:22:54 723
1517160175.723130752 2.53444 -3.15126 0.421053 0 2018-01-29 01:22:55 723
1517160176.723691410 2.40745 -3.07404 0.210526 0 2018-01-29 01:22:56 723
1517160177.723062455 2.27961 -2.99141 0.210526 0 2018-01-29 01:22:57 722
1517160178.723573424 2.15564 -2.90952 0.210526 0 2018-01-29 01:22:58 723
1517160179.723113015 2.035 -2.82921 0.210526 0 2018-01-29 01:22:59 723
1517160180.723161472 1.91791 -2.76542 0.315789 0 2018-01-29 01:23:00 723
1517160181.723121334 1.77556 -2.77039 0.315789 0 2018-01-29 01:23:01 723
1517160182.723149739 1.53815 -2.79547 0.210526 0 2018-01-29 01:23:02 723
1517160183.723551018 1.45299 -2.91658 0.210526 0 2018-01-29 01:23:03 723
1517160184.723227019 1.505 -3.02825 0.315789 0 2018-01-29 01:23:04 723
1517160185.723182766 1.50552 -3.13833 0.315789 0 2018-01-29 01:23:05 723
1517160186.723138148 1.57012 -3.28306 0.210526 0 2018-01-29 01:23:06 723
1517160187.723099729 1.6957 -3.37057 0.210526 0 2018-01-29 01:23:07 723
1517160188.723462361 1.86132 -3.36926 0.105263 0 2018-01-29 01:23:08 723
1517160189.723110132 1.98956 -3.3484 0.105263 0 2018-01-29 01:23:09 723
1517160190.723155308 2.12205 -3.26507 0.105263 0 2018-01-29 01:23:10 723
1517160191.723465596 2.24519 -3.24047 0.105263 0 2018-01-29 01:23:11 723
1517160192.723132013 2.38518 -3.22991 0.315789 0 2018-01-29 01:23:12 723
1517160193.723127813 2.53062 -3.2275 0.315789 0 2018-01-29 01:23:13 723
1517160194.723462007 2.65863 -3.23341 0.421053 0 2018-01-29 01:23:14 723
1517160195.723121965 2.79272 -3.29601 0.421053 0 2018-01-29 01:23:15 723
1517160196.723145943 2.9342 -3.34509 0.526316 0 2018-01-29 01:23:16 723
1517160197.723121170 3.07192 -3.40004 0.526316 0 2018-01-29 01:23:17 723
1517160198.723149471 3.0993 -3.41172 0.210526 0 2018-01-29 01:23:18 723
1517160199.723077926 3.09929 -3.4117 0.210526 0 2018-01-29 01:23:19 722
1517160200.723148988 3.09929 -3.41169 0.210526 0 2018-01-29 01:23:20 723
1517160201.723130569 3.09929 -3.41169 0.210526 0 2018-01-29 01:23:21 723
1517160202.723183298 3.09929 -3.41169 0.105263 0 2018-01-29 01:23:22 723
1517160203.723125920 3.09929 -3.41169 0.105263 0 2018-01-29 01:23:23 723
1517160204.723153700 3.09929 -3.41169 0.105263 0 2018-01-29 01:23:24 723
1517160205.723287003 3.09929 -3.41169 0.105263 0 2018-01-29 01:23:25 723
1517160206.723181030 3.09929 -3.41169 0.105263 0 2018-01-29 01:23:26 723
1517160207.723133235 3.09929 -3.41169 0.105263 0 2018-01-29 01:23:27 723
1517160208.723150703 3.09929 -3.41169 0 0 2018-01-29 01:23:28 723
1517160209.723102075 3.09929 -3.41169 0 0 2018-01-29 01:23:29 723
1517160210.723141418 3.09929 -3.41169 0.105263 0 2018-01-29 01:23:30 723
1517160211.723157531 3.09929 -3.41169 0.105263 0 2018-01-29 01:23:31 723
1517160212.723147810 3.09929 -3.41169 0.210526 0 2018-01-29 01:23:32 723
1517160213.723114130 3.09929 -3.41169 0.210526 0 2018-01-29 01:23:33 723
1517160214.723132431 3.09929 -3.41169 0.526316 0 2018-01-29 01:23:34 723
1517160215.723126304 3.09929 -3.41169 0.526316 0 2018-01-29 01:23:35 723
1517160216.723357267 3.09929 -3.41169 0.315789 0 2018-01-29 01:23:36 723
1517160217.723122384 3.09929 -3.41169 0.315789 0 2018-01-29 01:23:37 723
1517160218.723155893 3.09929 -3.41169 0.421053 0 2018-01-29 01:23:38 723
1517160219.723127787 3.09929 -3.41169 0.421053 0 2018-01-29 01:23:39 723
1517160220.723141504 3.09929 -3.41169 0.210526 0 2018-01-29 01:23:40 723
1517160221.723145898 3.09929 -3.41169 0.210526 0 2018-01-29 01:23:41 723
1517160222.723168834 3.09929 -3.41169 0.105263 0 2018-01-29 01:23:42 723
1517160223.723139321 3.09929 -3.41169 0.105263 0 2018-01-29 01:23:43 723
1517160224.723491433 3.09929 -3.41169 0 0 2018-01-29 01:23:44 723
1517160225.723125609 3.09929 -3.41169 0 0 2018-01-29 01:23:45 723
1517160226.723150004 3.09929 -3.41169 0.105263 0 2018-01-29 01:23:46 723
1517160227.723156585 3.09929 -3.41169 0.105263 0 2018-01-29 01:23:47 723
1517160228.723137750 3.09929 -3.41169 0.210526 0 2018-01-29 01:23:48 723
1517160229.723124018 3.09929 -3.41169 0.210526 0 2018-01-29 01:23:49 723
1517160230.723154872 3.09929 -3.41169 0.210526 0 2018-01-29 01:23:50 723
1517160231.723130567 3.09929 -3.41169 0.210526 0 2018-01-29 01:23:51 723
1517160232.723168452 3.09929 -3.41169 0.105263 0 2018-01-29 01:23:52 723
1517160233.723048051 3.09929 -3.41169 0.105263 0 2018-01-29 01:23:53 722
1517160234.723170104 3.09929 -3.41169 0.105263 0 2018-01-29 01:23:54 723
1517160235.723119237 3.09929 -3.41169 0.105263 0 2018-01-29 01:23:55 723
1517160236.723428691 3.09929 -3.41169 0 0 2018-01-29 01:23:56 723
1517160237.723128494 3.09929 -3.41169 0 0 2018-01-29 01:23:57 723
1517160238.723161274 3.09929 -3.41169 0.210526 0 2018-01-29 01:23:58 723
1517160239.723125407 3.09929 -3.41169 0.210526 0 2018-01-29 01:23:59 723
1517160240.723146103 3.09929 -3.41169 0.421053 0 2018-01-29 01:24:00 723
1517160241.723131070 3.09929 -3.41169 0.421053 0 2018-01-29 01:24:01 723
1517160242.723149371 3.09929 -3.41169 0.421053 0 2018-01-29 01:24:02 723
1517160243.723297570 3.09929 -3.41169 0.421053 0 2018-01-29 01:24:03 723
1517160244.723135033 3.09929 -3.41169 0.315789 0 2018-01-29 01:24:04 723
1517160245.723119531 3.09929 -3.41169 0.315789 0 2018-01-29 01:24:05 723
1517160246.723152259 3.09929 -3.41169 0.210526 0 2018-01-29 01:24:06 723
1517160247.723124830 3.09929 -3.41169 0.210526 0 2018-01-29 01:24:07 723
1517160248.723576995 3.09929 -3.41169 0.105263 0 2018-01-29 01:24:08 723
1517160249.723139608 3.09929 -3.41169 0.105263 0 2018-01-29 01:24:09 723
1517160250.723145200 3.09929 -3.41169 0.105263 0 2018-01-29 01:24:10 723
1517160251.723126885 3.09929 -3.41169 0.105263 0 2018-01-29 01:24:11 723
1517160252.723159405 3.09929 -3.41169 0.105263 0 2018-01-29 01:24:12 723
1517160253.723119892 3.09929 -3.41169 0.105263 0 2018-01-29 01:24:13 723
1517160254.723173662 3.09929 -3.41169 0.105263 0 2018-01-29 01:24:14 723
1517160255.723110815 3.17806 -3.44535 0.105263 0 2018-01-29 01:24:15 723
1517160256.723127345 3.17795 -3.4453 0 0 2018-01-29 01:24:16 723
1517160257.723113040 3.17795 -3.4453 0 0 2018-01-29 01:24:17 723
1517160258.723122487 3.17795 -3.4453 0 0 2018-01-29 01:24:18 723
1517160259.723630696 3.17795 -3.4453 0 0 2018-01-29 01:24:19 723
1517160260.723334978 3.17795 -3.4453 0.105263 0 2018-01-29 01:24:20 723
1517160261.723116710 3.17795 -3.4453 0.105263 0 2018-01-29 01:24:21 723
1517160262.723141313 3.17795 -3.4453 0.210526 0 2018-01-29 01:24:22 723
1517160263.723113832 3.17795 -3.4453 0.210526 0 2018-01-29 01:24:23 723
1517160264.723361878 3.17795 -3.4453 0.105263 0 2018-01-29 01:24:24 723
1517160265.724728806 3.17875 -3.44565 0.105263 0 2018-01-29 01:24:25 723
1517160266.723251705 3.30106 -3.49975 0.105263 0 2018-01-29 01:24:26 723
1517160267.723133492 3.43559 -3.51863 0.105263 0 2018-01-29 01:24:27 723
1517160268.723157782 3.56386 -3.53604 0.105263 0 2018-01-29 01:24:28 723
1517160269.723114310 3.71694 -3.5569 0.105263 0 2018-01-29 01:24:29 723
1517160270.723181102 3.86271 -3.57925 0.105263 0 2018-01-29 01:24:30 723
1517160271.723295447 4.01271 -3.60307 0.105263 0 2018-01-29 01:24:31 723
1517160272.723167754 4.16219 -3.5643 0.210526 0 2018-01-29 01:24:32 723
1517160273.723116835 4.31254 -3.58725 0.210526 0 2018-01-29 01:24:33 723
1517160274.723137271 4.45885 -3.59847 0.210526 0 2018-01-29 01:24:34 723
1517160275.723298856 4.60028 -3.55484 0.210526 0 2018-01-29 01:24:35 723
1517160276.723183508 4.71118 -3.44995 0.210526 0 2018-01-29 01:24:36 723
1517160277.723105765 4.75242 -3.28772 0.210526 0 2018-01-29 01:24:37 723
1517160278.723146670 4.68909 -3.13384 0.210526 0 2018-01-29 01:24:38 723
1517160279.723108980 4.65914 -2.99598 0.210526 0 2018-01-29 01:24:39 723
1517160280.723132749 4.62845 -2.85082 0.315789 0 2018-01-29 01:24:40 723
1517160281.723119070 4.60446 -2.72567 0.315789 0 2018-01-29 01:24:41 723
1517160282.723237998 4.59248 -2.6183 0.421053 0 2018-01-29 01:24:42 723
1517160283.723433752 4.57756 -2.47701 0.421053 0 2018-01-29 01:24:43 723
1517160284.723129753 4.56743 -2.33718 0.421053 0 2018-01-29 01:24:44 723
1517160285.723120344 4.56881 -2.18756 0.421053 0 2018-01-29 01:24:45 723
1517160286.723336723 4.57261 -2.03861 0.421053 0 2018-01-29 01:24:46 723
1517160287.723198093 4.58071 -1.88919 0.421053 0 2018-01-29 01:24:47 723
1517160288.723136912 4.59801 -1.78827 0.421053 0 2018-01-29 01:24:48 723
1517160289.723124587 4.61961 -1.64023 0.421053 0 2018-01-29 01:24:49 723
1517160290.723132471 4.62291 -1.60487 0.421053 0 2018-01-29 01:24:50 723
1517160291.723294682 4.62874 -1.51765 0.421053 0 2018-01-29 01:24:51 723
1517160292.723579187 4.64239 -1.36753 0.315789 0 2018-01-29 01:24:52 723
1517160293.723118569 4.65965 -1.21824 0.315789 0 2018-01-29 01:24:53 723
1517160294.723145620 4.67099 -1.09659 0.421053 0 2018-01-29 01:24:54 723
1517160295.723113347 4.69672 -0.948907 0.421053 0 2018-01-29 01:24:55 723
1517160296.723441291 4.71627 -0.833777 0.526316 0 2018-01-29 01:24:56 723
1517160297.723241253 4.71992 -0.802381 0.526316 0 2018-01-29 01:24:57 723
1517160298.723133561 4.71994 -0.802387 0.526316 0 2018-01-29 01:24:58 723
1517160299.723112642 4.71994 -0.802399 0.526316 0 2018-01-29 01:24:59 723
1517160300.723140682 4.71994 -0.80238 0.421053 0 2018-01-29 01:25:00 723
1517160301.723118149 4.71994 -0.802381 0.421053 0 2018-01-29 01:25:01 723
1517160302.723151814 4.71994 -0.802381 0.315789 0 2018-01-29 01:25:02 723
1517160303.723120999 4.71994 -0.802381 0.315789 0 2018-01-29 01:25:03 723
1517160304.723182582 4.71994 -0.802382 0.105263 0 2018-01-29 01:25:04 723
1517160305.723110152 4.71994 -0.802382 0.105263 0 2018-01-29 01:25:05 723
1517160306.723158141 4.71994 -0.802382 0.421053 0 2018-01-29 01:25:06 723
1517160307.723127846 4.71994 -0.802382 0.421053 0 2018-01-29 01:25:07 723
1517160308.724830096 4.71994 -0.802382 0.526316 0 2018-01-29 01:25:08 723
1517160309.723111165 4.71994 -0.802382 0.526316 0 2018-01-29 01:25:09 723
1517160310.723136341 4.71994 -0.802382 0.315789 0 2018-01-29 01:25:10 723
1517160311.723128287 4.71994 -0.802382 0.315789 0 2018-01-29 01:25:11 723
1517160312.723141536 4.71994 -0.802382 0.315789 0 2018-01-29 01:25:12 723
1517160313.723113637 4.71994 -0.802382 0.315789 0 2018-01-29 01:25:13 723
1517160314.723143292 4.71994 -0.802382 0.526316 0 2018-01-29 01:25:14 723
1517160315.723053101 4.71994 -0.802382 0.526316 0 2018-01-29 01:25:15 722
1517160316.723198176 4.71994 -0.802382 0.526316 0 2018-01-29 01:25:16 723
1517160317.723187413 4.71994 -0.802382 0.526316 0 2018-01-29 01:25:17 723
1517160318.723170765 4.71994 -0.802382 0.421053 0 2018-01-29 01:25:18 723
1517160319.723118908 4.71994 -0.802382 0.421053 0 2018-01-29 01:25:19 723
1517160320.723297733 4.71994 -0.802382 0.315789 0 2018-01-29 01:25:20 723
1517160321.723119050 4.71994 -0.802382 0.315789 0 2018-01-29 01:25:21 723
1517160322.723320376 4.71994 -0.802382 0.315789 0 2018-01-29 01:25:22 723
1517160323.723131068 4.71994 -0.802382 0.315789 0 2018-01-29 01:25:23 723
1517160324.723133430 4.71994 -0.802382 0.210526 0 2018-01-29 01:25:24 723
1517160325.723115793 4.71994 -0.802382 0.210526 0 2018-01-29 01:25:25 723
1517160326.723157115 4.71994 -0.802382 0.210526 0 2018-01-29 01:25:26 723
1517160327.723109216 4.71994 -0.802382 0.210526 0 2018-01-29 01:25:27 723
1517160328.723149549 4.71994 -0.802382 0.210526 0 2018-01-29 01:25:28 723
1517160329.723461503 4.71994 -0.802382 0.210526 0 2018-01-29 01:25:29 723
1517160330.723139430 4.71994 -0.802382 0.210526 0 2018-01-29 01:25:30 723
1517160331.723115386 4.71994 -0.802382 0.210526 0 2018-01-29 01:25:31 723
1517160332.723139937 4.71994 -0.802382 0.421053 0 2018-01-29 01:25:32 723
1517160333.723115528 4.71994 -0.802382 0.421053 0 2018-01-29 01:25:33 723
1517160334.723272999 4.71994 -0.802382 0.631579 0 2018-01-29 01:25:34 723
1517160335.723112025 4.71994 -0.802382 0.631579 0 2018-01-29 01:25:35 723
1517160336.723139180 4.71994 -0.802382 0.315789 0 2018-01-29 01:25:36 723
1517160337.723124875 4.71994 -0.802382 0.315789 0 2018-01-29 01:25:37 723
1517160338.723319639 4.72039 -0.780431 0.315789 0 2018-01-29 01:25:38 723
1517160339.723189759 4.71694 -0.726031 0.315789 0 2018-01-29 01:25:39 723
1517160340.723073994 4.70519 -0.586889 0.210526 0 2018-01-29 01:25:40 722
1517160341.723249851 4.581 -0.478351 0.210526 0 2018-01-29 01:25:41 723
1517160342.723200285 4.57729 -0.451127 0.315789 0 2018-01-29 01:25:42 723
1517160343.723222700 4.57729 -0.451122 0.315789 0 2018-01-29 01:25:43 723
1517160344.723552207 4.57348 -0.421206 0.421053 0 2018-01-29 01:25:44 723
1517160345.723116746 4.5572 -0.276476 0.421053 0 2018-01-29 01:25:45 723
1517160346.723135620 4.5476 -0.170446 1.47368 0 2018-01-29 01:25:46 723
1517160347.723327623 4.53622 -0.0984038 1.47368 0 2018-01-29 01:25:47 723
1517160348.723163315 4.47599 0.0387866 2.84211 0 2018-01-29 01:25:48 723
1517160349.723138802 4.38831 0.0759262 2.84211 0 2018-01-29 01:25:49 723
1517160350.723139290 4.30907 0.204327 3.05263 0 2018-01-29 01:25:50 723
1517160351.723127850 4.23779 0.32671 3.05263 0 2018-01-29 01:25:51 723
1517160352.723142088 4.17428 0.441514 2.84211 0 2018-01-29 01:25:52 723
1517160353.723152368 4.10217 0.575747 2.84211 0 2018-01-29 01:25:53 723
1517160354.723477031 4.02201 0.693989 3.89474 0 2018-01-29 01:25:54 723
1517160355.723531687 3.95362 0.829449 3.89474 0 2018-01-29 01:25:55 723
1517160356.723563686 3.88708 0.965049 4.52632 0 2018-01-29 01:25:56 723
1517160357.723467660 3.81972 1.10345 4.52632 0 2018-01-29 01:25:57 723
1517160358.723732530 3.75642 1.23946 4.94737 0 2018-01-29 01:25:58 723
1517160359.723629473 3.68073 1.36962 4.94737 0 2018-01-29 01:25:59 723
1517160360.723792205 3.60631 1.48049 5.05263 0 2018-01-29 01:26:00 723
1517160361.723461591 3.47795 1.56328 5.05263 0 2018-01-29 01:26:01 723
1517160362.723139258 3.28223 1.53221 4.63158 0 2018-01-29 01:26:02 723
1517160363.723111724 3.13272 1.55093 4.63158 0 2018-01-29 01:26:03 723
1517160364.723663684 2.9842 1.57338 3.78947 0 2018-01-29 01:26:04 723
1517160365.723170461 2.8387 1.59834 3.78947 0 2018-01-29 01:26:05 723
1517160366.723324182 2.69114 1.62845 4.52632 0 2018-01-29 01:26:06 723
1517160367.723109404 2.55474 1.63976 4.52632 0 2018-01-29 01:26:07 723
1517160368.723129632 2.42111 1.67324 3.78947 0 2018-01-29 01:26:08 723
1517160369.723112046 2.27019 1.66242 3.78947 0 2018-01-29 01:26:09 723
1517160370.723135556 2.15084 1.62236 2.21053 0 2018-01-29 01:26:10 723
1517160371.723113803 2.05233 1.52742 2.21053 0 2018-01-29 01:26:11 723
1517160372.723133562 1.91233 1.47891 0.736842 0 2018-01-29 01:26:12 723
1517160373.723139363 1.76622 1.43251 0.736842 0 2018-01-29 01:26:13 723
1517160374.723187039 1.6216 1.3894 0.421053 0 2018-01-29 01:26:14 723
1517160375.723240028 1.496 1.3327 0.421053 0 2018-01-29 01:26:15 723
1517160376.723137337 1.35043 1.2966 0.842105 0 2018-01-29 01:26:16 723
1517160377.723168450 1.20489 1.2636 0.842105 0 2018-01-29 01:26:17 723
1517160378.723142427 1.05678 1.23306 1.15789 0 2018-01-29 01:26:18 723
1517160379.723403702 0.905679 1.20418 1.15789 0 2018-01-29 01:26:19 723
1517160380.723201685 0.760866 1.14992 1.36842 0 2018-01-29 01:26:20 723
1517160381.723690675 0.616928 1.1278 1.36842 0 2018-01-29 01:26:21 723
1517160382.723135263 0.467192 1.1078 1.36842 0 2018-01-29 01:26:22 723
1517160383.723117365 0.323248 1.09238 1.36842 0 2018-01-29 01:26:23 723
1517160384.723067487 0.17315 1.07913 1.05263 0 2018-01-29 01:26:24 722
1517160385.723117924 0.0534401 1.06556 1.05263 0 2018-01-29 01:26:25 723
1517160386.723306906 -0.0994703 1.05804 1.05263 0 2018-01-29 01:26:26 723
1517160387.723139733 -0.247929 1.05126 1.05263 0 2018-01-29 01:26:27 723
1517160388.723136575 -0.401124 1.04601 1.15789 0 2018-01-29 01:26:28 723
1517160389.723065030 -0.550815 1.04284 1.15789 0 2018-01-29 01:26:29 722
1517160390.723137134 -0.700191 1.05113 0.421053 0 2018-01-29 01:26:30 723
1517160391.723143924 -0.846775 1.06599 0.421053 0 2018-01-29 01:26:31 723
1517160392.723454732 -0.997919 1.08564 0 0 2018-01-29 01:26:32 723
1517160393.723108545 -1.13053 1.11635 0 0 2018-01-29 01:26:33 723
1517160394.723546648 -1.22369 1.12702 0.105263 0 2018-01-29 01:26:34 723
1517160395.723117593 -1.36925 1.11038 0.105263 0 2018-01-29 01:26:35 723
1517160396.723444444 -1.49773 1.03147 0.105263 0 2018-01-29 01:26:36 723
1517160397.723790878 -1.54356 0.843631 0.105263 0 2018-01-29 01:26:37 723
1517160398.723622976 -1.49904 0.678432 0.105263 0 2018-01-29 01:26:38 723
1517160399.723993317 -1.43695 0.544336 0.105263 0 2018-01-29 01:26:39 723
1517160400.723797654 -1.42106 0.472282 0.210526 0 2018-01-29 01:26:40 723
1517160401.723895644 -1.31277 0.395504 0.210526 0 2018-01-29 01:26:41 723
1517160402.723828578 -1.19338 0.309054 0.315789 0 2018-01-29 01:26:42 723
1517160403.723469265 -1.07166 0.217754 0.315789 0 2018-01-29 01:26:43 723
1517160404.723513816 -0.955823 0.139187 0.315789 0 2018-01-29 01:26:44 723
1517160405.723785978 -0.880562 0.182153 0.315789 0 2018-01-29 01:26:45 723
1517160406.723579846 -0.75228 0.144006 0.315789 0 2018-01-29 01:26:46 723
1517160407.723539916 -0.612333 0.0976602 0.315789 0 2018-01-29 01:26:47 723
1517160408.723582280 -0.468771 0.0473832 0.315789 0 2018-01-29 01:26:48 723
1517160409.723437816 -0.327908 -0.00558021 0.315789 0 2018-01-29 01:26:49 723
1517160410.723084128 -0.191268 -0.0571631 0.210526 0 2018-01-29 01:26:50 722
1517160411.723732757 -0.095691 -0.109924 0.210526 0 2018-01-29 01:26:51 723
1517160412.723495687 0.0448111 -0.16653 0.421053 0 2018-01-29 01:26:52 723
1517160413.723439246 0.123416 -0.187445 0.421053 0 2018-01-29 01:26:53 723
1517160414.723529788 0.263309 -0.222541 0.736842 0 2018-01-29 01:26:54 723
1517160415.723442878 0.407637 -0.260246 0.736842 0 2018-01-29 01:26:55 723
1517160416.723501544 0.531471 -0.253381 1.05263 0 2018-01-29 01:26:56 723
1517160417.723136242 0.532779 -0.253739 1.05263 0 2018-01-29 01:26:57 723
1517160418.723156209 0.532778 -0.253738 1.15789 0 2018-01-29 01:26:58 723
1517160419.723107529 0.532787 -0.25374 1.15789 0 2018-01-29 01:26:59 723
1517160420.723130517 0.576248 -0.265749 0.842105 0 2018-01-29 01:27:00 723
1517160421.723112411 0.686357 -0.286947 0.842105 0 2018-01-29 01:27:01 723
1517160422.723624214 0.837384 -0.261903 0.736842 0 2018-01-29 01:27:02 723
1517160423.723634129 0.930428 -0.188596 0.736842 0 2018-01-29 01:27:03 723
1517160424.723153302 0.982307 -0.104151 0.947368 0 2018-01-29 01:27:04 723
1517160425.723115925 1.03973 -0.00287527 0.947368 0 2018-01-29 01:27:05 723
1517160426.723131569 0.995282 0.00923584 1.47368 0 2018-01-29 01:27:06 723
1517160427.723112213 0.995316 0.00920838 1.47368 0 2018-01-29 01:27:07 723
1517160428.723161972 1.01918 0.0942792 1.47368 0 2018-01-29 01:27:08 723
1517160429.723114907 1.0434 0.206074 1.47368 0 2018-01-29 01:27:09 723
1517160430.723492331 1.04341 0.206028 2 0 2018-01-29 01:27:10 723
1517160431.723127549 1.04342 0.206019 2 0 2018-01-29 01:27:11 723
1517160432.723131162 1.06725 0.308894 3.89474 0 2018-01-29 01:27:12 723
1517160433.723132796 1.08019 0.360222 3.89474 0 2018-01-29 01:27:13 723
1517160434.723153180 1.08018 0.360195 82.1053 0 2018-01-29 01:27:14 723
1517160435.723131480 1.08019 0.360218 82.1053 0 2018-01-29 01:27:15 723
1517160436.723154104 1.08019 0.360219 87.7193 0 2018-01-29 01:27:16 723
1517160437.723114122 1.08018 0.360217 87.7193 0 2018-01-29 01:27:17 723
1517160438.723339094 1.08018 0.360217 90.5263 0 2018-01-29 01:27:18 723
1517160439.723349530 1.08672 0.385862 90.5263 0 2018-01-29 01:27:19 723
1517160440.723141471 1.11125 0.478959 93.5789 0 2018-01-29 01:27:20 723
1517160441.723107427 1.11125 0.478956 93.5789 0 2018-01-29 01:27:21 723
1517160442.723132498 1.11125 0.478952 94.8421 0 2018-01-29 01:27:22 723
1517160443.723109444 1.11125 0.478948 94.8421 0 2018-01-29 01:27:23 723
1517160444.723367699 1.11125 0.478953 95.0526 0 2018-01-29 01:27:24 723
1517160445.723110888 1.13018 0.548683 95.0526 0 2018-01-29 01:27:25 723
1517160446.723146169 1.15099 0.620979 91.1579 0 2018-01-29 01:27:26 723
1517160447.723149677 1.15099 0.620974 91.1579 0 2018-01-29 01:27:27 723
1517160448.723131831 1.15099 0.62097 84.1053 0 2018-01-29 01:27:28 723
1517160449.723124611 1.15099 0.620971 84.1053 0 2018-01-29 01:27:29 723
1517160450.723148641 1.15099 0.620971 73.1579 0 2018-01-29 01:27:30 723
1517160451.723114128 1.15099 0.620971 73.1579 0 2018-01-29 01:27:31 723
1517160452.723136283 1.15099 0.620971 69.7895 0 2018-01-29 01:27:32 723
1517160453.723170990 1.18349 0.729092 69.7895 0 2018-01-29 01:27:33 723
1517160454.723082465 1.16435 0.767049 69.4737 0 2018-01-29 01:27:34 722
1517160455.723140663 1.16435 0.767045 69.4737 0 2018-01-29 01:27:35 723
1517160456.723130525 1.16435 0.767046 15 0 2018-01-29 01:27:36 723
1517160457.723297788 1.16435 0.767048 15 0 2018-01-29 01:27:37 723
1517160458.723229264 1.16435 0.767047 13.0263 0 2018-01-29 01:27:38 723
1517160459.723110426 1.16435 0.767047 13.0263 0 2018-01-29 01:27:39 723
1517160460.723150706 1.16435 0.767046 9.68421 0 2018-01-29 01:27:40 723
1517160461.723117130 1.16504 0.769199 9.68421 0 2018-01-29 01:27:41 723
1517160462.723249340 1.17892 0.812103 9.78947 0 2018-01-29 01:27:42 723
1517160463.723113262 1.17935 0.813413 9.78947 0 2018-01-29 01:27:43 723
1517160464.723313703 1.24486 0.932817 7.26316 0 2018-01-29 01:27:44 723
1517160465.723603573 1.27555 0.964931 7.26316 0 2018-01-29 01:27:45 723
1517160466.723552028 1.2755 0.964967 5.26316 0 2018-01-29 01:27:46 723
1517160467.723573141 1.30071 0.985599 5.26316 0 2018-01-29 01:27:47 723
1517160468.723478575 1.31439 0.994714 2.42105 0 2018-01-29 01:27:48 723
1517160469.723486979 1.39411 1.01643 2.42105 0 2018-01-29 01:27:49 723
1517160470.723091624 1.50455 1.07409 1.68421 0 2018-01-29 01:27:50 723
1517160471.723125863 1.6292 1.13677 1.68421 0 2018-01-29 01:27:51 723
1517160472.723149163 1.76389 1.20224 1.15789 0 2018-01-29 01:27:52 723
1517160473.723122567 1.88735 1.25554 1.15789 0 2018-01-29 01:27:53 723
1517160474.723136805 1.97564 1.28112 0.842105 0 2018-01-29 01:27:54 723
1517160475.723866739 2.08293 1.30897 0.842105 0 2018-01-29 01:27:55 723
1517160476.723152260 2.09458 1.32023 0.947368 0 2018-01-29 01:27:56 723
1517160477.723365774 2.12676 1.32328 0.947368 0 2018-01-29 01:27:57 723
1517160478.723140788 2.26682 1.33156 1.15789 0 2018-01-29 01:27:58 723
1517160479.723117004 2.30713 1.33345 1.15789 0 2018-01-29 01:27:59 723
1517160480.723145253 2.31133 1.33369 0.842105 0 2018-01-29 01:28:00 723
1517160481.723113292 2.4504 1.33997 0.842105 0 2018-01-29 01:28:01 723
1517160482.723166646 2.51958 1.34142 0.842105 0 2018-01-29 01:28:02 723
1517160483.723146248 2.55431 1.34241 0.842105 0 2018-01-29 01:28:03 723
1517160484.723310385 2.70489 1.34434 1.36842 0 2018-01-29 01:28:04 723
1517160485.723106597 2.86037 1.34457 1.36842 0 2018-01-29 01:28:05 723
1517160486.723406415 3.00873 1.33487 2.31579 0 2018-01-29 01:28:06 723
1517160487.723202263 3.15427 1.32111 2.31579 0 2018-01-29 01:28:07 723
1517160488.723150926 3.30515 1.30349 3.57895 0 2018-01-29 01:28:08 723
1517160489.723116934 3.44557 1.28251 3.57895 0 2018-01-29 01:28:09 723
1517160490.723142475 3.57511 1.23837 4.21053 0 2018-01-29 01:28:10 723
1517160491.723112284 3.66382 1.12143 4.21053 0 2018-01-29 01:28:11 723
1517160492.723071000 3.62931 0.961469 4.42105 0 2018-01-29 01:28:12 722
1517160493.723267066 3.58407 0.825996 4.42105 0 2018-01-29 01:28:13 723
1517160494.723196354 3.50392 0.677976 5.1579 0 2018-01-29 01:28:14 723
1517160495.723286480 3.45383 0.594416 5.1579 0 2018-01-29 01:28:15 723
1517160496.723135036 3.45393 0.594433 4.42105 0 2018-01-29 01:28:16 723
1517160497.723130941 3.43878 0.569438 4.42105 0 2018-01-29 01:28:17 723
1517160498.723139085 3.3589 0.442483 5.05263 0 2018-01-29 01:28:18 723
1517160499.723139677 3.32636 0.392279 5.05263 0 2018-01-29 01:28:19 723
1517160500.723148602 3.297 0.347135 4.73684 0 2018-01-29 01:28:20 723
1517160501.723115808 3.23742 0.215918 4.73684 0 2018-01-29 01:28:21 723
1517160502.723736884 3.21737 0.142926 4.31579 0 2018-01-29 01:28:22 723
1517160503.723125326 3.16341 0.0675421 4.31579 0 2018-01-29 01:28:23 723
1517160504.723143574 3.07224 -0.0542686 3.89474 0 2018-01-29 01:28:24 723
1517160505.723105363 2.98333 -0.169069 3.89474 0 2018-01-29 01:28:25 723
1517160506.723154238 2.88784 -0.266839 5.57895 0 2018-01-29 01:28:26 723
1517160507.723110297 2.73499 -0.310802 5.57895 0 2018-01-29 01:28:27 723
1517160508.723333291 2.5892 -0.280764 6 0 2018-01-29 01:28:28 723
1517160509.723116273 2.50032 -0.147613 6 0 2018-01-29 01:28:29 723
1517160510.723683233 2.4655 -0.0648399 4 0 2018-01-29 01:28:30 723
1517160511.723128030 2.46534 -0.0650053 4 0 2018-01-29 01:28:31 723
1517160512.723139039 2.46531 -0.0650604 3.36842 0 2018-01-29 01:28:32 723
1517160513.723126505 2.46529 -0.0650665 3.36842 0 2018-01-29 01:28:33 723
1517160514.723127306 2.46212 -0.0531223 5.1579 0 2018-01-29 01:28:34 723
1517160515.723112012 2.42651 0.0821294 5.1579 0 2018-01-29 01:28:35 723
1517160516.723130677 2.41161 0.141627 7.26316 0 2018-01-29 01:28:36 723
1517160517.723122727 2.41161 0.141616 7.26316 0 2018-01-29 01:28:37 723
1517160518.723507652 2.41161 0.14161 9.36842 0 2018-01-29 01:28:38 723
1517160519.723121984 2.41161 0.141608 9.36842 0 2018-01-29 01:28:39 723
1517160520.723142837 2.41161 0.141606 10 0 2018-01-29 01:28:40 723
1517160521.723396821 2.41161 0.141607 10 0 2018-01-29 01:28:41 723
1517160522.723134125 2.38754 0.237969 10 0 2018-01-29 01:28:42 723
1517160523.723128206 2.3594 0.363085 10 0 2018-01-29 01:28:43 723
1517160524.723171924 2.3594 0.363076 10.5263 0 2018-01-29 01:28:44 723
1517160525.723129755 2.3594 0.36308 10.5263 0 2018-01-29 01:28:45 723
1517160526.723132170 2.3594 0.363075 10.3158 0 2018-01-29 01:28:46 723
1517160527.723123647 2.3594 0.363076 10.3158 0 2018-01-29 01:28:47 723
1517160528.723143823 2.33537 0.477811 10.7368 0 2018-01-29 01:28:48 723
1517160529.723455985 2.31196 0.602248 10.7368 0 2018-01-29 01:28:49 723
1517160530.723138548 2.29204 0.605734 12.4211 0 2018-01-29 01:28:50 723
1517160531.723118150 2.29203 0.605733 12.4211 0 2018-01-29 01:28:51 723
1517160532.723166816 2.29203 0.605727 12.2105 0 2018-01-29 01:28:52 723
1517160533.723104490 2.29203 0.605774 12.2105 0 2018-01-29 01:28:53 723
1517160534.723453320 2.27631 0.720976 12 0 2018-01-29 01:28:54 723
1517160535.723373909 2.25883 0.869846 12 0 2018-01-29 01:28:55 723
1517160536.723103922 2.25485 0.910568 13.0526 0 2018-01-29 01:28:56 723
1517160537.723238684 2.24265 1.05683 13.0526 0 2018-01-29 01:28:57 723
1517160538.723134169 2.2296 1.19452 13.8947 0 2018-01-29 01:28:58 723
1517160539.723044498 2.20254 1.27719 13.8947 0 2018-01-29 01:28:59 722
1517160540.723289575 2.08235 1.38137 12.6316 0 2018-01-29 01:29:00 723
1517160541.723035734 1.95145 1.45855 12.6316 0 2018-01-29 01:29:01 722
1517160542.723094140 1.81924 1.42627 8.10526 0 2018-01-29 01:29:02 722
1517160543.723128274 1.68361 1.36746 8.10526 0 2018-01-29 01:29:03 723
1517160544.723131679 1.58008 1.20093 3.47368 0 2018-01-29 01:29:04 723
1517160545.723260034 1.54331 1.06176 3.47368 0 2018-01-29 01:29:05 723
1517160546.723153280 1.5858 0.881805 1.57895 0 2018-01-29 01:29:06 723
1517160547.723158299 1.64771 0.790811 1.57895 0 2018-01-29 01:29:07 723
1517160548.723138682 1.72845 0.695063 5.26316 0 2018-01-29 01:29:08 723
1517160549.723123024 1.73425 0.647646 5.26316 0 2018-01-29 01:29:09 723
1517160550.723299089 1.73949 0.560902 11.5789 0 2018-01-29 01:29:10 723
1517160551.723120770 1.74577 0.430225 11.5789 0 2018-01-29 01:29:11 723
1517160552.723145686 1.74579 0.430155 18 0 2018-01-29 01:29:12 723
1517160553.723107422 1.74579 0.430151 18 0 2018-01-29 01:29:13 723
1517160554.723141244 1.74579 0.430148 19.0526 0 2018-01-29 01:29:14 723
1517160555.723124492 1.7458 0.430148 19.0526 0 2018-01-29 01:29:15 723
1517160556.723237326 1.7458 0.43015 21.1579 0 2018-01-29 01:29:16 723
1517160557.723114634 1.74595 0.426219 21.1579 0 2018-01-29 01:29:17 723
1517160558.723144758 1.75034 0.282793 22.5263 0 2018-01-29 01:29:18 723
1517160559.723112120 1.75111 0.239161 22.5263 0 2018-01-29 01:29:19 723
1517160560.723188443 1.73216 0.234748 22 0 2018-01-29 01:29:20 723
1517160561.723124554 1.73216 0.23475 22 0 2018-01-29 01:29:21 723
1517160562.723284577 1.73216 0.23475 23.1579 0 2018-01-29 01:29:22 723
1517160563.723120894 1.73216 0.234752 23.1579 0 2018-01-29 01:29:23 723
1517160564.723359982 1.72409 0.132921 19.4737 0 2018-01-29 01:29:24 723
1517160565.723122130 1.7135 0.0267077 19.4737 0 2018-01-29 01:29:25 723
1517160566.723149650 1.71351 0.0267038 18.1053 0 2018-01-29 01:29:26 723
1517160567.723329153 1.71351 0.0267066 18.1053 0 2018-01-29 01:29:27 723
1517160568.723141875 1.70959 -0.00791295 15.0526 0 2018-01-29 01:29:28 723
1517160569.723120644 1.69261 -0.151602 15.0526 0 2018-01-29 01:29:29 723
1517160570.723131601 1.65219 -0.290913 12.4211 0 2018-01-29 01:29:30 723
1517160571.724069820 1.55123 -0.402198 12.4211 0 2018-01-29 01:29:31 723
1517160572.723240391 1.40824 -0.435846 7.57895 0 2018-01-29 01:29:32 723
1517160573.723091084 1.25957 -0.400261 7.57895 0 2018-01-29 01:29:33 723
1517160574.723192251 1.15464 -0.261544 1.47368 0 2018-01-29 01:29:34 723
1517160575.723119143 1.13386 -0.232482 1.47368 0 2018-01-29 01:29:35 723
1517160576.723142861 1.1338 -0.232599 0.526316 0 2018-01-29 01:29:36 723
1517160577.723111264 1.13127 -0.227041 0.526316 0 2018-01-29 01:29:37 723
1517160578.723301601 1.0828 -0.117503 0.526316 0 2018-01-29 01:29:38 723
1517160579.723117292 1.0804 -0.111746 0.526316 0 2018-01-29 01:29:39 723
1517160580.723267992 1.08039 -0.111728 0.315789 0 2018-01-29 01:29:40 723
1517160581.723117330 1.08039 -0.111724 0.315789 0 2018-01-29 01:29:41 723
1517160582.723278395 1.08039 -0.111726 0.736842 0 2018-01-29 01:29:42 723
1517160583.723127160 1.05438 -0.0500194 0.736842 0 2018-01-29 01:29:43 723
1517160584.723483907 1.00092 0.0833595 0.842105 0 2018-01-29 01:29:44 723
1517160585.723112719 0.998457 0.0897395 0.842105 0 2018-01-29 01:29:45 723
1517160586.723149093 0.99846 0.0897248 1.47368 0 2018-01-29 01:29:46 723
1517160587.723132497 0.998451 0.0897455 1.47368 0 2018-01-29 01:29:47 723
1517160588.723152412 0.998455 0.0897364 1.78947 0 2018-01-29 01:29:48 723
1517160589.723150921 0.983384 0.127627 1.78947 0 2018-01-29 01:29:49 723
1517160590.723142450 0.933385 0.261404 2.31579 0 2018-01-29 01:29:50 723
1517160591.723125281 0.932074 0.265089 2.31579 0 2018-01-29 01:29:51 723
1517160592.723195406 0.932068 0.265098 3.57895 0 2018-01-29 01:29:52 723
1517160593.723133913 0.932068 0.265097 3.57895 0 2018-01-29 01:29:53 723
1517160594.723143255 0.9285 0.274996 6.31579 0 2018-01-29 01:29:54 723
1517160595.723108638 0.885198 0.400932 6.31579 0 2018-01-29 01:29:55 723
1517160596.723141887 0.846611 0.417919 68.4211 0 2018-01-29 01:29:56 723
1517160597.723109405 0.846608 0.417924 68.4211 0 2018-01-29 01:29:57 723
1517160598.723147290 0.846611 0.417913 167.018 0 2018-01-29 01:29:58 723
1517160599.723138871 0.846608 0.417921 167.018 0 2018-01-29 01:29:59 723
1517160600.723142797 0.846608 0.417922 180.947 0 2018-01-29 01:30:00 723
1517160601.723108961 0.846608 0.41792 180.947 0 2018-01-29 01:30:01 723
1517160602.723172940 0.846608 0.417921 207.789 0 2018-01-29 01:30:02 723
1517160603.723332911 0.846608 0.417921 207.789 0 2018-01-29 01:30:03 723
1517160604.724098314 0.846608 0.417921 204.211 0 2018-01-29 01:30:04 723
1517160605.723328938 0.833771 0.454952 204.211 0 2018-01-29 01:30:05 723
1517160606.723147286 0.833238 0.456543 200.526 0 2018-01-29 01:30:06 723
1517160607.723117617 0.833238 0.456542 200.526 0 2018-01-29 01:30:07 723
1517160608.723149668 0.809274 0.528065 211.053 0 2018-01-29 01:30:08 723
1517160609.723126145 0.799913 0.557278 211.053 0 2018-01-29 01:30:09 723
1517160610.723127414 0.799909 0.557286 226 0 2018-01-29 01:30:10 723
1517160611.723116391 0.799909 0.557283 226 0 2018-01-29 01:30:11 723
1517160612.723133285 0.792467 0.580412 242.526 0 2018-01-29 01:30:12 723
1517160613.723187108 0.756391 0.699946 242.526 0 2018-01-29 01:30:13 723
1517160614.723454477 0.755797 0.701993 121.579 0 2018-01-29 01:30:14 723
1517160615.723129696 0.755786 0.702024 121.579 0 2018-01-29 01:30:15 723
1517160616.723142528 0.755787 0.702021 44.7368 0 2018-01-29 01:30:16 723
1517160617.723117442 0.755786 0.702021 44.7368 0 2018-01-29 01:30:17 723
1517160618.723144181 0.755786 0.702022 10 0 2018-01-29 01:30:18 723
1517160619.723479729 0.741936 0.749451 10 0 2018-01-29 01:30:19 723
1517160620.723156146 0.741935 0.749453 8.28947 0 2018-01-29 01:30:20 723
1517160621.723103195 0.741936 0.749451 8.28947 0 2018-01-29 01:30:21 723
1517160622.723127486 0.70663 0.870938 5.89474 0 2018-01-29 01:30:22 723
1517160623.723144328 0.668071 1.01479 5.89474 0 2018-01-29 01:30:23 723
1517160624.723083043 0.643087 1.14769 4.10526 0 2018-01-29 01:30:24 722
1517160625.723156866 0.649163 1.2651 4.10526 0 2018-01-29 01:30:25 723
1517160626.723141625 0.743316 1.38545 1.78947 0 2018-01-29 01:30:26 723
1517160627.723120289 0.916726 1.43888 1.78947 0 2018-01-29 01:30:27 723
1517160628.723152340 1.09168 1.39269 0.736842 0 2018-01-29 01:30:28 723
1517160629.723115639 1.2072 1.29655 0.736842 0 2018-01-29 01:30:29 723
1517160630.723151284 1.23839 1.13999 0.842105 0 2018-01-29 01:30:30 723
1517160631.723103542 1.21397 1.0172 0.842105 0 2018-01-29 01:30:31 723
1517160632.723136582 1.20562 0.918003 1.05263 0 2018-01-29 01:30:32 723
1517160633.723117174 1.20571 0.918065 1.05263 0 2018-01-29 01:30:33 723
1517160634.723135370 1.20573 0.918059 1.57895 0 2018-01-29 01:30:34 723
1517160635.723388104 1.20574 0.918069 1.57895 0 2018-01-29 01:30:35 723
1517160636.723445104 1.20315 0.887599 2 0 2018-01-29 01:30:36 723
1517160637.723120636 1.18873 0.742159 2 0 2018-01-29 01:30:37 723
1517160638.723135811 1.18287 0.664899 5.57895 0 2018-01-29 01:30:38 723
1517160639.723070933 1.1827 0.641662 5.57895 0 2018-01-29 01:30:39 723
1517160640.723377782 1.18003 0.520806 43.6842 0 2018-01-29 01:30:40 723
1517160641.723129879 1.18 0.519963 43.6842 0 2018-01-29 01:30:41 723
1517160642.723143908 1.18 0.519959 44.0789 0 2018-01-29 01:30:42 723
1517160643.723118250 1.18 0.519961 44.0789 0 2018-01-29 01:30:43 723
1517160644.723136238 1.18 0.519962 46 0 2018-01-29 01:30:44 723
1517160645.723111412 1.17851 0.471509 46 0 2018-01-29 01:30:45 723
1517160646.723685040 1.17302 0.35012 49.1579 0 2018-01-29 01:30:46 723
1517160647.723266142 1.22791 0.3435 49.1579 0 2018-01-29 01:30:47 723
1517160648.723441426 1.22421 0.275326 50.9474 0 2018-01-29 01:30:48 723
1517160649.723063987 1.21945 0.205783 50.9474 0 2018-01-29 01:30:49 722
1517160650.723139217 1.21945 0.205798 46.7368 0 2018-01-29 01:30:50 723
1517160651.723113714 1.21945 0.205792 46.7368 0 2018-01-29 01:30:51 723
1517160652.723153995 1.21661 0.164826 45.0526 0 2018-01-29 01:30:52 723
1517160653.723125575 1.20571 0.0178822 45.0526 0 2018-01-29 01:30:53 723
1517160654.723137939 1.20193 -0.0248913 13.1579 0 2018-01-29 01:30:54 723
1517160655.723112228 1.20194 -0.0248887 13.1579 0 2018-01-29 01:30:55 723
1517160656.723140216 1.20194 -0.0248776 5.78947 0 2018-01-29 01:30:56 723
1517160657.723124297 1.1969 -0.0777452 5.78947 0 2018-01-29 01:30:57 723
1517160658.723140879 1.17233 -0.211378 4.84211 0 2018-01-29 01:30:58 723
1517160659.723038969 1.08971 -0.335807 4.84211 0 2018-01-29 01:30:59 722
1517160660.723292952 0.942307 -0.39953 2.42105 0 2018-01-29 01:31:00 723
1517160661.723102133 0.804875 -0.379111 2.42105 0 2018-01-29 01:31:01 723
1517160662.723154550 0.728852 -0.314752 1.15789 0 2018-01-29 01:31:02 723
1517160663.723124307 0.641391 -0.187593 1.15789 0 2018-01-29 01:31:03 723
1517160664.723412198 0.619121 -0.0517149 0.526316 0 2018-01-29 01:31:04 723
1517160665.723111324 0.656608 0.0916342 0.526316 0 2018-01-29 01:31:05 723
1517160666.723131865 0.666582 0.145042 0.526316 0 2018-01-29 01:31:06 723
1517160667.723145269 0.669249 0.163519 0.526316 0 2018-01-29 01:31:07 723
1517160668.723156226 0.672125 0.181356 1.36842 0 2018-01-29 01:31:08 723
1517160669.723085723 0.672119 0.181361 1.36842 0 2018-01-29 01:31:09 723
1517160670.723135014 0.672117 0.181361 2 0 2018-01-29 01:31:10 723
1517160671.723106647 0.672116 0.181358 2 0 2018-01-29 01:31:11 723
1517160672.723150938 0.688296 0.274949 2.42105 0 2018-01-29 01:31:12 723
1517160673.723370129 0.698835 0.331666 2.42105 0 2018-01-29 01:31:13 723
1517160674.723145507 0.701905 0.35012 7.68421 0 2018-01-29 01:31:14 723
1517160675.723196100 0.704921 0.380232 7.68421 0 2018-01-29 01:31:15 723
1517160676.723133565 0.70493 0.380224 192.368 0 2018-01-29 01:31:16 723
1517160677.723189419 0.705374 0.386919 192.368 0 2018-01-29 01:31:17 723
1517160678.723576115 0.714117 0.506742 442.105 0 2018-01-29 01:31:18 723
1517160679.723124768 0.714557 0.512152 442.105 0 2018-01-29 01:31:19 723
1517160680.723416357 0.714556 0.512144 446.14 0 2018-01-29 01:31:20 723
1517160681.723115379 0.714556 0.512144 446.14 0 2018-01-29 01:31:21 723
1517160682.723131857 0.714555 0.51214 327.632 0 2018-01-29 01:31:22 723
1517160683.723106927 0.714556 0.512145 327.632 0 2018-01-29 01:31:23 723
1517160684.723144707 0.714556 0.512144 312.237 0 2018-01-29 01:31:24 723
1517160685.723124413 0.716981 0.54336 312.237 0 2018-01-29 01:31:25 723
1517160686.723157663 0.722969 0.6207 311.158 0 2018-01-29 01:31:26 723
1517160687.723136223 0.662721 0.638016 311.158 0 2018-01-29 01:31:27 723
1517160688.723654953 0.662721 0.63802 12.3684 0 2018-01-29 01:31:28 723
1517160689.723136573 0.662721 0.63802 12.3684 0 2018-01-29 01:31:29 723
1517160690.723295971 0.662721 0.63802 10.9211 0 2018-01-29 01:31:30 723
1517160691.723473130 0.671123 0.736295 10.9211 0 2018-01-29 01:31:31 723
1517160692.723147933 0.67398 0.869813 8.10526 0 2018-01-29 01:31:32 723
1517160693.723112638 0.622753 1.02002 8.10526 0 2018-01-29 01:31:33 723
1517160694.723163648 0.529008 1.12062 4.63158 0 2018-01-29 01:31:34 723
1517160695.723101426 0.354524 1.17562 4.63158 0 2018-01-29 01:31:35 723
1517160696.723182645 0.205654 1.20258 1.57895 0 2018-01-29 01:31:36 723
1517160697.723165060 0.0589988 1.11095 1.57895 0 2018-01-29 01:31:37 723
1517160698.723357115 -0.0531355 1.01037 0.947368 0 2018-01-29 01:31:38 723
1517160699.723117388 -0.085429 0.826056 0.947368 0 2018-01-29 01:31:39 723
1517160700.723146158 -0.027595 0.678879 0.526316 0 2018-01-29 01:31:40 723
1517160701.723119405 -0.00155977 0.551312 0.526316 0 2018-01-29 01:31:41 723
1517160702.723693605 -0.0245223 0.411044 0.631579 0 2018-01-29 01:31:42 723
1517160703.723112568 -0.0230807 0.417753 0.631579 0 2018-01-29 01:31:43 723
1517160704.723161338 -0.0766036 0.304294 1.78947 0 2018-01-29 01:31:44 723
1517160705.723118961 -0.145977 0.168823 1.78947 0 2018-01-29 01:31:45 723
1517160706.723331850 -0.163849 0.135921 2.42105 0 2018-01-29 01:31:46 723
1517160707.723183063 -0.163828 0.135929 2.42105 0 2018-01-29 01:31:47 723
1517160708.723147143 -0.163823 0.135929 2.10526 0 2018-01-29 01:31:48 723
1517160709.723056014 -0.163819 0.135934 2.10526 0 2018-01-29 01:31:49 722
1517160710.723141869 -0.163823 0.135927 0.947368 0 2018-01-29 01:31:50 723
1517160711.723147409 -0.163822 0.135929 0.947368 0 2018-01-29 01:31:51 723
1517160712.723190762 -0.163823 0.135926 0.526316 0 2018-01-29 01:31:52 723
1517160713.723127811 -0.163823 0.135926 0.526316 0 2018-01-29 01:31:53 723
1517160714.723144497 -0.163823 0.135926 0.421053 0 2018-01-29 01:31:54 723
1517160715.723114776 -0.163823 0.135926 0.421053 0 2018-01-29 01:31:55 723
1517160716.723148650 -0.163823 0.135926 0.736842 0 2018-01-29 01:31:56 723
1517160717.723198462 -0.163823 0.135926 0.736842 0 2018-01-29 01:31:57 723
1517160718.723136292 -0.163823 0.135926 1.15789 0 2018-01-29 01:31:58 723
1517160719.723114904 -0.163823 0.135926 1.15789 0 2018-01-29 01:31:59 723
1517160720.723471286 -0.163823 0.135926 0.842105 0 2018-01-29 01:32:00 723
1517160721.723114786 -0.163823 0.135926 0.842105 0 2018-01-29 01:32:01 723
1517160722.723142149 -0.163823 0.135926 0.526316 0 2018-01-29 01:32:02 723
1517160723.723124095 -0.163823 0.135926 0.526316 0 2018-01-29 01:32:03 723
1517160724.723188334 -0.163823 0.135926 0.421053 0 2018-01-29 01:32:04 723
1517160725.723186478 -0.163823 0.135926 0.421053 0 2018-01-29 01:32:05 723
1517160726.723140923 -0.163823 0.135926 0.421053 0 2018-01-29 01:32:06 723
1517160727.723345895 -0.163823 0.135926 0.421053 0 2018-01-29 01:32:07 723
1517160728.723142628 -0.163823 0.135926 0.315789 0 2018-01-29 01:32:08 723
1517160729.723117855 -0.163823 0.135926 0.315789 0 2018-01-29 01:32:09 723
1517160730.723412256 -0.163823 0.135926 0.526316 0 2018-01-29 01:32:10 723
1517160731.723889006 -0.163823 0.135926 0.526316 0 2018-01-29 01:32:11 723
1517160732.723141298 -0.163823 0.135926 0.421053 0 2018-01-29 01:32:12 723
1517160733.723110691 -0.163823 0.135926 0.421053 0 2018-01-29 01:32:13 723
1517160734.723275089 -0.163823 0.135926 0.947368 0 2018-01-29 01:32:14 723
