#timeStamp px(m) py(m) doseRate(uSv/h)
1517159660.892879752 6.93889e-18 1.70159e-20 0.947368 0 2018-01-29 01:14:20 892
1517159660.893289345 6.93889e-18 1.70159e-20 0.947368 0 2018-01-29 01:14:20 893
1517159661.893426711 6.93889e-18 1.70159e-20 0.947368 0 2018-01-29 01:14:21 893
1517159662.893450273 6.93889e-18 1.70159e-20 1.05263 0 2018-01-29 01:14:22 893
1517159663.893405134 6.93889e-18 1.70159e-20 1.05263 0 2018-01-29 01:14:23 893
1517159664.893451561 6.93889e-18 1.70159e-20 0.842105 0 2018-01-29 01:14:24 893
1517159665.893432673 6.93889e-18 1.70159e-20 0.842105 0 2018-01-29 01:14:25 893
1517159666.893521913 6.93889e-18 1.70159e-20 0.421053 0 2018-01-29 01:14:26 893
1517159667.893501775 6.93889e-18 1.70159e-20 0.421053 0 2018-01-29 01:14:27 893
1517159668.893462210 6.93889e-18 1.70159e-20 0.631579 0 2018-01-29 01:14:28 893
1517159669.893438895 6.93889e-18 1.70159e-20 0.631579 0 2018-01-29 01:14:29 893
1517159670.893464748 6.93889e-18 1.70159e-20 0.210526 0 2018-01-29 01:14:30 893
1517159671.893423725 6.93889e-18 1.70159e-20 0.210526 0 2018-01-29 01:14:31 893
1517159672.893469734 6.93889e-18 1.70159e-20 0.421053 0 2018-01-29 01:14:32 893
1517159673.893439232 6.93889e-18 1.70159e-20 0.421053 0 2018-01-29 01:14:33 893
1517159674.893457897 6.93889e-18 1.70159e-20 0.315789 0 2018-01-29 01:14:34 893
1517159675.893429634 6.93889e-18 1.70159e-20 0.315789 0 2018-01-29 01:14:35 893
1517159676.893444445 6.93889e-18 1.70159e-20 0.526316 0 2018-01-29 01:14:36 893
1517159677.893395244 6.93889e-18 1.70159e-20 0.526316 0 2018-01-29 01:14:37 893
1517159678.893611154 6.93889e-18 1.70159e-20 0.526316 0 2018-01-29 01:14:38 893
1517159679.893431950 6.93889e-18 1.70159e-20 0.526316 0 2018-01-29 01:14:39 893
1517159680.893462543 6.93889e-18 1.70159e-20 0.421053 0 2018-01-29 01:14:40 893
1517159681.893418706 6.93889e-18 1.70159e-20 0.421053 0 2018-01-29 01:14:41 893
1517159682.893440236 6.93889e-18 1.70159e-20 0.631579 0 2018-01-29 01:14:42 893
1517159683.893762086 6.93889e-18 1.70159e-20 0.631579 0 2018-01-29 01:14:43 893
1517159684.893528141 6.93889e-18 1.70159e-20 0.421053 0 2018-01-29 01:14:44 893
1517159685.893423418 6.93889e-18 1.70159e-20 0.421053 0 2018-01-29 01:14:45 893
1517159686.893451823 6.93889e-18 1.70159e-20 0.105263 0 2018-01-29 01:14:46 893
1517159687.893428248 6.93889e-18 1.70159e-20 0.105263 0 2018-01-29 01:14:47 893
1517159688.893575927 6.93889e-18 1.70159e-20 0.421053 0 2018-01-29 01:14:48 893
1517159689.893672250 6.93889e-18 1.70159e-20 0.421053 0 2018-01-29 01:14:49 893
1517159690.893456535 6.93889e-18 1.70159e-20 0.526316 0 2018-01-29 01:14:50 893
1517159691.893424105 6.93889e-18 1.70159e-20 0.526316 0 2018-01-29 01:14:51 893
1517159692.893449854 6.93889e-18 1.70159e-20 0.315789 0 2018-01-29 01:14:52 893
1517159693.893427529 6.93889e-18 1.70159e-20 0.315789 0 2018-01-29 01:14:53 893
1517159694.893605938 6.93889e-18 1.70159e-20 0.421053 0 2018-01-29 01:14:54 893
1517159695.893478193 6.93889e-18 1.70159e-20 0.421053 0 2018-01-29 01:14:55 893
1517159696.893515973 6.93889e-18 1.70159e-20 0.631579 0 2018-01-29 01:14:56 893
1517159697.893424376 6.93889e-18 1.70159e-20 0.631579 0 2018-01-29 01:14:57 893
1517159698.893440489 6.93889e-18 1.70159e-20 0.526316 0 2018-01-29 01:14:58 893
1517159699.893687701 6.93889e-18 1.70159e-20 0.526316 0 2018-01-29 01:14:59 893
1517159700.893487768 6.93889e-18 1.70159e-20 0.315789 0 2018-01-29 01:15:00 893
1517159701.893420597 6.93889e-18 1.70159e-20 0.315789 0 2018-01-29 01:15:01 893
1517159702.893390876 6.93889e-18 1.70159e-20 0.421053 0 2018-01-29 01:15:02 893
1517159703.893595848 6.93889e-18 1.70159e-20 0.421053 0 2018-01-29 01:15:03 893
1517159704.893505657 6.93889e-18 1.70159e-20 0.315789 0 2018-01-29 01:15:04 893
1517159705.893950479 6.93889e-18 1.70159e-20 0.315789 0 2018-01-29 01:15:05 893
1517159706.893758670 6.93889e-18 1.70159e-20 0.210526 0 2018-01-29 01:15:06 893
1517159707.893433056 6.93889e-18 1.70159e-20 0.210526 0 2018-01-29 01:15:07 893
1517159708.893457815 6.93889e-18 1.70159e-20 0.210526 0 2018-01-29 01:15:08 893
1517159709.893431167 6.93889e-18 1.70159e-20 0.210526 0 2018-01-29 01:15:09 893
1517159710.893404570 6.93889e-18 1.70159e-20 0.315789 0 2018-01-29 01:15:10 893
1517159711.893483185 6.93889e-18 1.70159e-20 0.315789 0 2018-01-29 01:15:11 893
1517159712.893444297 6.93889e-18 1.70159e-20 0.421053 0 2018-01-29 01:15:12 893
1517159713.893430305 6.93889e-18 1.70159e-20 0.421053 0 2018-01-29 01:15:13 893
1517159714.893451106 6.93889e-18 1.70159e-20 0.421053 0 2018-01-29 01:15:14 893
1517159715.893423156 6.93889e-18 1.70159e-20 0.421053 0 2018-01-29 01:15:15 893
1517159716.893471926 6.93889e-18 1.70159e-20 0.210526 0 2018-01-29 01:15:16 893
1517159717.893639553 6.93889e-18 1.70159e-20 0.210526 0 2018-01-29 01:15:17 893
1517159718.893447849 6.93889e-18 1.70159e-20 0.315789 0 2018-01-29 01:15:18 893
1517159719.893424221 6.93889e-18 1.70159e-20 0.315789 0 2018-01-29 01:15:19 893
1517159720.893428980 6.93889e-18 1.70159e-20 0.315789 0 2018-01-29 01:15:20 893
1517159721.893337486 6.93889e-18 1.70159e-20 0.315789 0 2018-01-29 01:15:21 893
1517159722.893466363 0.107013 0.00720134 0.526316 0 2018-01-29 01:15:22 893
1517159723.893453048 0.11536 0.00853988 0.526316 0 2018-01-29 01:15:23 893
1517159724.893453848 0.234996 0.0349961 0.631579 0 2018-01-29 01:15:24 893
1517159725.893428606 0.234991 0.0349506 0.631579 0 2018-01-29 01:15:25 893
1517159726.893461439 0.357789 0.0855003 0.842105 0 2018-01-29 01:15:26 893
1517159727.893740892 0.609657 0.221393 0.842105 0 2018-01-29 01:15:27 893
1517159728.893507520 0.840744 0.405708 0.947368 0 2018-01-29 01:15:28 893
1517159729.893423474 0.850889 0.41117 0.947368 0 2018-01-29 01:15:29 893
1517159730.893461567 0.962794 0.461342 0.526316 0 2018-01-29 01:15:30 893
1517159731.893444554 0.962918 0.461432 0.526316 0 2018-01-29 01:15:31 893
1517159732.893596296 1.1893 0.537722 0.315789 0 2018-01-29 01:15:32 893
1517159733.893413185 1.35018 0.585357 0.315789 0 2018-01-29 01:15:33 893
1517159734.893445705 1.48213 0.636347 0.736842 0 2018-01-29 01:15:34 893
1517159735.893433536 1.79749 0.69877 0.736842 0 2018-01-29 01:15:35 893
1517159736.893461369 2.11168 0.754097 0.947368 0 2018-01-29 01:15:36 893
1517159737.893826397 2.47223 0.830846 0.947368 0 2018-01-29 01:15:37 893
1517159738.893522762 2.75478 0.873256 0.736842 0 2018-01-29 01:15:38 893
1517159739.893370173 2.86041 0.921767 0.736842 0 2018-01-29 01:15:39 893
1517159740.893451080 3.15619 0.943843 0.526316 0 2018-01-29 01:15:40 893
1517159741.893426411 3.47181 0.95858 0.526316 0 2018-01-29 01:15:41 893
1517159742.893457733 3.72569 0.904796 1.68421 0 2018-01-29 01:15:42 893
1517159743.893449783 3.94902 0.73739 1.68421 0 2018-01-29 01:15:43 893
1517159744.893702829 4.18775 0.525358 3.26316 0 2018-01-29 01:15:44 893
1517159745.893416487 4.37763 0.291994 3.26316 0 2018-01-29 01:15:45 893
1517159746.893456975 4.49575 0.0205908 3.78947 0 2018-01-29 01:15:46 893
1517159747.893574602 4.50375 -0.236184 3.78947 0 2018-01-29 01:15:47 893
1517159748.893469357 4.5048 -0.519715 3.36842 0 2018-01-29 01:15:48 893
1517159749.893431251 4.5881 -0.776454 3.36842 0 2018-01-29 01:15:49 893
1517159750.893587159 4.7398 -1.01079 3.05263 0 2018-01-29 01:15:50 893
1517159751.893416601 4.92393 -1.27802 3.05263 0 2018-01-29 01:15:51 893
1517159752.893444329 5.03982 -1.35939 2.94737 0 2018-01-29 01:15:52 893
1517159753.893426952 5.10111 -1.52721 2.94737 0 2018-01-29 01:15:53 893
1517159754.893423116 5.15976 -1.81155 1.57895 0 2018-01-29 01:15:54 893
1517159755.893430115 5.17505 -2.12477 1.57895 0 2018-01-29 01:15:55 893
1517159756.893430759 5.1806 -2.40949 0.842105 0 2018-01-29 01:15:56 893
1517159757.893573802 5.15732 -2.69398 0.842105 0 2018-01-29 01:15:57 893
1517159758.893447412 5.13509 -3.04326 0.315789 0 2018-01-29 01:15:58 893
1517159759.893908640 5.08024 -3.35474 0.315789 0 2018-01-29 01:15:59 893
1517159760.893468075 4.99032 -3.59805 0.210526 0 2018-01-29 01:16:00 893
1517159761.893430385 4.8649 -3.84208 0.210526 0 2018-01-29 01:16:01 893
1517159762.893464259 4.6558 -4.02538 0.315789 0 2018-01-29 01:16:02 893
1517159763.893419173 4.36766 -4.07416 0.315789 0 2018-01-29 01:16:03 893
1517159764.893489037 4.05845 -4.10534 0.210526 0 2018-01-29 01:16:04 893
1517159765.893436503 3.76041 -4.13334 0.210526 0 2018-01-29 01:16:05 893
1517159766.893383031 3.44273 -4.15781 0.315789 0 2018-01-29 01:16:06 893
1517159767.893421176 3.11065 -4.1919 0.315789 0 2018-01-29 01:16:07 893
1517159768.893461613 2.79329 -4.1997 0.210526 0 2018-01-29 01:16:08 893
1517159769.893558874 2.35389 -4.17624 0.210526 0 2018-01-29 01:16:09 893
1517159770.893443317 2.03547 -4.16503 0.315789 0 2018-01-29 01:16:10 893
1517159771.893427346 1.78769 -4.16476 0.315789 0 2018-01-29 01:16:11 893
1517159772.893473356 1.47094 -4.14269 0.315789 0 2018-01-29 01:16:12 893
1517159773.893421030 1.15501 -4.11298 0.315789 0 2018-01-29 01:16:13 893
1517159774.893589751 0.887457 -4.07375 0.105263 0 2018-01-29 01:16:14 893
1517159775.893496799 0.571471 -4.03679 0.105263 0 2018-01-29 01:16:15 893
1517159776.893405305 0.354476 -3.98788 0.105263 0 2018-01-29 01:16:16 893
1517159777.893545849 0.0388732 -3.93835 0.105263 0 2018-01-29 01:16:17 893
1517159778.893442688 -0.259387 -3.89844 0.105263 0 2018-01-29 01:16:18 893
1517159779.893441926 -0.564839 -3.83926 0.105263 0 2018-01-29 01:16:19 893
1517159780.893761224 -0.818016 -3.74155 0.105263 0 2018-01-29 01:16:20 893
1517159781.893520299 -1.00061 -3.48402 0.105263 0 2018-01-29 01:16:21 893
1517159782.893447504 -0.982888 -3.40879 0 0 2018-01-29 01:16:22 893
1517159783.893424293 -0.959486 -3.58639 0 0 2018-01-29 01:16:23 893
1517159784.893467803 -0.911472 -3.89268 0 0 2018-01-29 01:16:24 893
1517159785.893468239 -0.857361 -4.12674 0 0 2018-01-29 01:16:25 893
1517159786.893945718 -0.736559 -4.4198 0.105263 0 2018-01-29 01:16:26 893
1517159787.894087563 -0.616021 -4.7132 0.105263 0 2018-01-29 01:16:27 893
1517159788.893763668 -0.437463 -5.01122 0.210526 0 2018-01-29 01:16:28 893
1517159789.893775666 -0.448088 -4.96781 0.210526 0 2018-01-29 01:16:29 893
1517159790.894173091 -0.467122 -4.7373 0.105263 0 2018-01-29 01:16:30 893
1517159791.894172277 -0.338291 -4.4368 0.105263 0 2018-01-29 01:16:31 893
1517159792.893370192 -0.110753 -4.26834 0.105263 0 2018-01-29 01:16:32 893
1517159793.893411514 0.159151 -4.09431 0.105263 0 2018-01-29 01:16:33 893
1517159794.893496171 0.433773 -3.93117 0 0 2018-01-29 01:16:34 893
1517159795.893433428 0.669402 -3.7437 0 0 2018-01-29 01:16:35 893
1517159796.893447301 0.946588 -3.58719 0.105263 0 2018-01-29 01:16:36 893
1517159797.893581751 1.1915 -3.42649 0.105263 0 2018-01-29 01:16:37 893
1517159798.893884798 1.45901 -3.30387 0.421053 0 2018-01-29 01:16:38 893
1517159799.893425639 1.74575 -3.32069 0.421053 0 2018-01-29 01:16:39 893
1517159800.893466753 2.012 -3.41836 0.421053 0 2018-01-29 01:16:40 893
1517159801.893455678 2.30529 -3.553 0.421053 0 2018-01-29 01:16:41 893
1517159802.893461791 2.58902 -3.69699 0.315789 0 2018-01-29 01:16:42 893
1517159803.893626033 2.8711 -3.84672 0.315789 0 2018-01-29 01:16:43 893
1517159804.893468183 3.14433 -3.90548 0 0 2018-01-29 01:16:44 893
1517159805.893402576 3.42922 -3.93616 0 0 2018-01-29 01:16:45 893
1517159806.893482909 3.7429 -3.91029 0.105263 0 2018-01-29 01:16:46 893
1517159807.893425479 4.0522 -3.9482 0.105263 0 2018-01-29 01:16:47 893
1517159808.893929729 4.36817 -3.99195 0.210526 0 2018-01-29 01:16:48 893
1517159809.893776463 4.66651 -4.04 0.210526 0 2018-01-29 01:16:49 893
1517159810.893449391 4.98058 -4.09737 0.210526 0 2018-01-29 01:16:50 893
1517159811.893447899 5.25394 -4.06086 0.210526 0 2018-01-29 01:16:51 893
1517159812.893450679 5.46884 -3.94564 0.210526 0 2018-01-29 01:16:52 893
1517159813.893423822 5.37672 -3.94357 0.210526 0 2018-01-29 01:16:53 893
1517159814.893443373 5.2991 -4.00947 0.105263 0 2018-01-29 01:16:54 893
1517159815.893422819 5.4048 -3.7252 0.105263 0 2018-01-29 01:16:55 893
1517159816.893458828 5.34809 -3.55961 0.210526 0 2018-01-29 01:16:56 893
1517159817.893426659 5.2989 -3.30497 0.210526 0 2018-01-29 01:16:57 893
1517159818.893457043 5.22676 -3.00388 0.526316 0 2018-01-29 01:16:58 893
1517159819.893491282 5.07629 -2.76415 0.526316 0 2018-01-29 01:16:59 893
1517159820.893524479 4.96064 -2.4741 0.315789 0 2018-01-29 01:17:00 893
1517159821.893473090 4.87716 -2.20137 0.315789 0 2018-01-29 01:17:01 893
1517159822.893786607 4.84253 -2.02071 0.421053 0 2018-01-29 01:17:02 893
1517159823.893826835 4.81396 -1.80902 0.421053 0 2018-01-29 01:17:03 893
1517159824.893651069 4.79025 -1.58901 0.421053 0 2018-01-29 01:17:04 893
1517159825.893734996 4.78924 -1.32618 0.421053 0 2018-01-29 01:17:05 893
1517159826.893663190 4.79852 -1.20463 0.421053 0 2018-01-29 01:17:06 893
1517159827.893878631 4.80888 -1.01052 0.421053 0 2018-01-29 01:17:07 893
1517159828.893832608 4.82457 -0.683784 0.526316 0 2018-01-29 01:17:08 893
1517159829.893735749 4.7825 -0.392921 0.526316 0 2018-01-29 01:17:09 893
1517159830.893525346 4.6022 -0.13957 1.15789 0 2018-01-29 01:17:10 893
1517159831.893749850 4.26471 -0.0898022 1.15789 0 2018-01-29 01:17:11 893
1517159832.894158942 3.91792 -0.137563 2.21053 0 2018-01-29 01:17:12 893
1517159833.893755513 3.72849 -0.346444 2.21053 0 2018-01-29 01:17:13 893
1517159834.893756834 3.63907 -0.425982 3.15789 0 2018-01-29 01:17:14 893
1517159835.893793625 3.4899 -0.54064 3.15789 0 2018-01-29 01:17:15 893
1517159836.893747862 3.2265 -0.720761 3.78947 0 2018-01-29 01:17:16 893
1517159837.893893822 3.15879 -0.764672 3.78947 0 2018-01-29 01:17:17 893
1517159838.893735764 2.86687 -0.876583 3.78947 0 2018-01-29 01:17:18 893
1517159839.893364211 2.56448 -0.97503 3.78947 0 2018-01-29 01:17:19 893
1517159840.893916692 2.2789 -1.03415 2.21053 0 2018-01-29 01:17:20 893
1517159841.894074111 1.96893 -1.10717 2.21053 0 2018-01-29 01:17:21 893
1517159842.893398175 1.69822 -1.15221 1.05263 0 2018-01-29 01:17:22 893
1517159843.893732682 1.39382 -1.21236 1.05263 0 2018-01-29 01:17:23 893
1517159844.893761087 1.11931 -1.28522 0.421053 0 2018-01-29 01:17:24 893
1517159845.893729283 1.04851 -1.29812 0.421053 0 2018-01-29 01:17:25 893
1517159846.893758052 0.859784 -1.34869 0.421053 0 2018-01-29 01:17:26 893
1517159847.894119226 0.547428 -1.33037 0.421053 0 2018-01-29 01:17:27 893
1517159848.893917678 0.269953 -1.22764 0.210526 0 2018-01-29 01:17:28 893
1517159849.893748526 -0.0221255 -1.10361 0.210526 0 2018-01-29 01:17:29 893
1517159850.893742086 -0.280276 -1.02403 0.105263 0 2018-01-29 01:17:30 893
1517159851.893736428 -0.515654 -0.915318 0.105263 0 2018-01-29 01:17:31 893
1517159852.893729416 -0.677272 -0.819051 0.105263 0 2018-01-29 01:17:32 893
1517159853.893455990 -0.898935 -0.661376 0.105263 0 2018-01-29 01:17:33 893
1517159854.893444707 -1.14231 -0.518504 0.105263 0 2018-01-29 01:17:34 893
1517159855.893541447 -1.43179 -0.503868 0.105263 0 2018-01-29 01:17:35 893
1517159856.893455631 -1.71334 -0.462834 0.105263 0 2018-01-29 01:17:36 893
1517159857.893620862 -2.01347 -0.397995 0.105263 0 2018-01-29 01:17:37 893
1517159858.893593849 -2.24643 -0.233542 0 0 2018-01-29 01:17:38 893
1517159859.893442563 -2.3887 0.0424165 0 0 2018-01-29 01:17:39 893
1517159860.893456488 -2.29001 0.368237 0 0 2018-01-29 01:17:40 893
1517159861.893426194 -2.03519 0.551262 0 0 2018-01-29 01:17:41 893
1517159862.893486110 -1.74123 0.605754 0 0 2018-01-29 01:17:42 893
1517159863.893675040 -1.4699 0.425635 0 0 2018-01-29 01:17:43 893
1517159864.893579536 -1.26084 0.233937 0.210526 0 2018-01-29 01:17:44 893
1517159865.893617785 -1.01821 0.0729365 0.210526 0 2018-01-29 01:17:45 893
1517159866.893463217 -0.650898 0.103681 0.315789 0 2018-01-29 01:17:46 893
1517159867.893475945 -0.351991 0.123479 0.315789 0 2018-01-29 01:17:47 893
1517159868.893440442 -0.0410205 0.138711 0.210526 0 2018-01-29 01:17:48 893
1517159869.893436711 0.255924 0.20086 0.210526 0 2018-01-29 01:17:49 893
1517159870.893451626 0.560765 0.197328 0.315789 0 2018-01-29 01:17:50 893
1517159871.893576075 0.594994 0.212379 0.315789 0 2018-01-29 01:17:51 893
1517159872.893445154 0.702421 0.206747 0.842105 0 2018-01-29 01:17:52 893
1517159873.893430589 0.702394 0.206758 0.842105 0 2018-01-29 01:17:53 893
1517159874.893509152 0.703742 0.206678 0.947368 0 2018-01-29 01:17:54 893
1517159875.893577402 0.965706 0.183765 0.947368 0 2018-01-29 01:17:55 893
1517159876.893444292 1.13183 0.165467 0.842105 0 2018-01-29 01:17:56 893
1517159877.893484573 1.12343 0.180866 0.842105 0 2018-01-29 01:17:57 893
1517159878.893480946 1.12344 0.180868 1.15789 0 2018-01-29 01:17:58 893
1517159879.893423463 1.12342 0.180871 1.15789 0 2018-01-29 01:17:59 893
1517159880.893433274 1.12344 0.18087 1.89474 0 2018-01-29 01:18:00 893
1517159881.893423554 1.12514 0.180643 1.89474 0 2018-01-29 01:18:01 893
1517159882.893446073 1.38139 0.138932 2.10526 0 2018-01-29 01:18:02 893
1517159883.893417498 1.42375 0.130826 2.10526 0 2018-01-29 01:18:03 893
1517159884.893630178 1.42375 0.130834 2.10526 0 2018-01-29 01:18:04 893
1517159885.893581082 1.42376 0.130834 2.10526 0 2018-01-29 01:18:05 893
1517159886.893690218 1.42376 0.130835 2.84211 0 2018-01-29 01:18:06 893
1517159887.893433147 1.49367 0.116693 2.84211 0 2018-01-29 01:18:07 893
1517159888.893448427 1.70526 0.0695248 5.26316 0 2018-01-29 01:18:08 893
1517159889.893430685 1.70525 0.0695381 5.26316 0 2018-01-29 01:18:09 893
1517159890.893454924 1.70526 0.0695399 29.4737 0 2018-01-29 01:18:10 893
1517159891.893424317 1.70528 0.0695366 29.4737 0 2018-01-29 01:18:11 893
1517159892.893447878 1.70527 0.0695376 28.6842 0 2018-01-29 01:18:12 893
1517159893.893430032 1.70528 0.0695358 28.6842 0 2018-01-29 01:18:13 893
1517159894.893655578 1.70528 0.0695358 30.3158 0 2018-01-29 01:18:14 893
1517159895.893621065 1.70528 0.069536 30.3158 0 2018-01-29 01:18:15 893
1517159896.893515612 1.83792 0.0371329 31.5789 0 2018-01-29 01:18:16 893
1517159897.893419222 1.99716 -0.00190824 31.5789 0 2018-01-29 01:18:17 893
1517159898.893451274 1.99717 -0.00190152 29.0526 0 2018-01-29 01:18:18 893
1517159899.893433271 1.99716 -0.0018951 29.0526 0 2018-01-29 01:18:19 893
1517159900.893503709 1.99717 -0.00189492 25.0526 0 2018-01-29 01:18:20 893
1517159901.893516228 1.99717 -0.00189509 25.0526 0 2018-01-29 01:18:21 893
1517159902.893382025 1.99717 -0.00189523 22.1053 0 2018-01-29 01:18:22 893
1517159903.893428660 2.16007 -0.0504475 22.1053 0 2018-01-29 01:18:23 893
1517159904.893451752 2.3938 -0.124206 19.8947 0 2018-01-29 01:18:24 893
1517159905.893433906 2.39383 -0.124207 19.8947 0 2018-01-29 01:18:25 893
1517159906.893466062 2.3939 -0.124225 17.4737 0 2018-01-29 01:18:26 893
1517159907.893437069 2.39388 -0.124217 17.4737 0 2018-01-29 01:18:27 893
1517159908.893458912 2.39389 -0.124221 14.6316 0 2018-01-29 01:18:28 893
1517159909.893424191 2.39389 -0.124222 14.6316 0 2018-01-29 01:18:29 893
1517159910.893507753 2.54226 -0.171006 12.8421 0 2018-01-29 01:18:30 893
1517159911.893440323 2.75348 -0.209968 12.8421 0 2018-01-29 01:18:31 893
1517159912.893459196 2.85302 -0.250636 14.6316 0 2018-01-29 01:18:32 893
1517159913.893428694 2.85302 -0.250624 14.6316 0 2018-01-29 01:18:33 893
1517159914.893447515 2.85303 -0.250625 12.4211 0 2018-01-29 01:18:34 893
1517159915.893443472 2.85302 -0.250624 12.4211 0 2018-01-29 01:18:35 893
1517159916.893480315 2.87106 -0.258057 10.5263 0 2018-01-29 01:18:36 893
1517159917.893625910 3.11443 -0.365434 10.5263 0 2018-01-29 01:18:37 893
1517159918.893381079 3.37523 -0.440528 10 0 2018-01-29 01:18:38 893
1517159919.893431100 3.68412 -0.389782 10 0 2018-01-29 01:18:39 893
1517159920.893450025 3.90844 -0.0903346 7.89474 0 2018-01-29 01:18:40 893
1517159921.893517077 4.00271 0.201849 7.89474 0 2018-01-29 01:18:41 893
1517159922.893780176 3.85094 0.568353 5.26316 0 2018-01-29 01:18:42 893
1517159923.893431384 3.5534 0.742714 5.26316 0 2018-01-29 01:18:43 893
1517159924.893450883 3.25699 0.780165 5.05263 0 2018-01-29 01:18:44 893
1517159925.893480121 2.95547 0.688488 5.05263 0 2018-01-29 01:18:45 893
1517159926.893521860 2.72644 0.408919 5.57895 0 2018-01-29 01:18:46 893
1517159927.893977307 2.72563 0.257946 5.57895 0 2018-01-29 01:18:47 893
1517159928.893453199 2.72541 0.258294 8.31579 0 2018-01-29 01:18:48 893
1517159929.893428061 2.72535 0.258396 8.31579 0 2018-01-29 01:18:49 893
1517159930.893453758 2.72532 0.258372 10.1053 0 2018-01-29 01:18:50 893
1517159931.893357107 2.72448 0.255145 10.1053 0 2018-01-29 01:18:51 893
1517159932.893695885 2.66467 0.00932318 9.47368 0 2018-01-29 01:18:52 893
1517159933.893415064 2.61119 -0.198062 9.47368 0 2018-01-29 01:18:53 893
1517159934.893692590 2.48104 -0.429318 9.78947 0 2018-01-29 01:18:54 893
1517159935.893425102 2.48462 -0.396637 9.78947 0 2018-01-29 01:18:55 893
1517159936.893478612 2.48469 -0.396696 9.47368 0 2018-01-29 01:18:56 893
1517159937.893444255 2.48031 -0.400584 9.47368 0 2018-01-29 01:18:57 893
1517159938.893621883 2.32155 -0.502057 9.36842 0 2018-01-29 01:18:58 893
1517159939.893429657 2.05337 -0.631292 9.36842 0 2018-01-29 01:18:59 893
1517159940.893456604 2.02543 -0.643144 8.94737 0 2018-01-29 01:19:00 893
1517159941.893436102 2.02536 -0.64322 8.94737 0 2018-01-29 01:19:01 893
1517159942.893506956 2.02536 -0.643231 5.47368 0 2018-01-29 01:19:02 893
1517159943.893441296 2.02537 -0.643232 5.47368 0 2018-01-29 01:19:03 893
1517159944.893465587 1.88181 -0.701829 1.89474 0 2018-01-29 01:19:04 893
1517159945.893435709 1.60376 -0.790531 1.89474 0 2018-01-29 01:19:05 893
1517159946.893444530 1.47019 -0.804417 0.736842 0 2018-01-29 01:19:06 893
1517159947.893435174 1.27905 -0.795338 0.736842 0 2018-01-29 01:19:07 893
1517159948.893634990 1.20076 -0.767936 0.736842 0 2018-01-29 01:19:08 893
1517159949.893703240 1.0613 -0.747417 0.736842 0 2018-01-29 01:19:09 893
1517159950.893462211 0.754022 -0.688262 0.526316 0 2018-01-29 01:19:10 893
1517159951.893445615 0.44216 -0.617144 0.526316 0 2018-01-29 01:19:11 893
1517159952.893480010 0.161502 -0.557531 0.736842 0 2018-01-29 01:19:12 893
1517159953.893404767 -0.00658473 -0.463029 0.736842 0 2018-01-29 01:19:13 893
1517159954.893457339 -0.180143 -0.204887 1.05263 0 2018-01-29 01:19:14 893
1517159955.893438087 -0.141899 0.106439 1.05263 0 2018-01-29 01:19:15 893
1517159956.894081456 0.0750723 0.356049 0.736842 0 2018-01-29 01:19:16 893
1517159957.893437031 0.409187 0.428206 0.736842 0 2018-01-29 01:19:17 893
1517159958.893461165 0.703506 0.335472 0.631579 0 2018-01-29 01:19:18 893
1517159959.893438111 0.82837 0.144003 0.631579 0 2018-01-29 01:19:19 893
1517159960.893502975 0.82531 0.147665 0.526316 0 2018-01-29 01:19:20 893
1517159961.893432680 0.825358 0.147835 0.526316 0 2018-01-29 01:19:21 893
1517159962.893493222 0.835727 0.127515 0.947368 0 2018-01-29 01:19:22 893
1517159963.893439385 0.887439 -0.10494 0.947368 0 2018-01-29 01:19:23 893
1517159964.893487374 0.888084 -0.122017 25.2632 0 2018-01-29 01:19:24 893
1517159965.893429944 0.895695 -0.226216 25.2632 0 2018-01-29 01:19:25 893
1517159966.893433348 0.912099 -0.220854 138.772 0 2018-01-29 01:19:26 893
1517159967.893373991 0.912101 -0.220843 138.772 0 2018-01-29 01:19:27 893
1517159968.893462189 0.912103 -0.220854 272.105 0 2018-01-29 01:19:28 893
1517159969.893477365 0.912104 -0.220855 272.105 0 2018-01-29 01:19:29 893
1517159970.893456237 0.912104 -0.220856 280 0 2018-01-29 01:19:30 893
1517159971.893406203 0.912104 -0.220856 280 0 2018-01-29 01:19:31 893
1517159972.893441171 0.912104 -0.220855 289.474 0 2018-01-29 01:19:32 893
1517159973.893440721 0.924809 -0.31991 289.474 0 2018-01-29 01:19:33 893
1517159974.894098778 0.928714 -0.349912 296.526 0 2018-01-29 01:19:34 893
1517159975.893918688 0.928715 -0.34992 296.526 0 2018-01-29 01:19:35 893
1517159976.893451924 0.928714 -0.349919 223.421 0 2018-01-29 01:19:36 893
1517159977.893433714 0.928714 -0.349918 223.421 0 2018-01-29 01:19:37 893
1517159978.893713167 0.928714 -0.349917 226.316 0 2018-01-29 01:19:38 893
1517159979.893478232 0.943907 -0.460416 226.316 0 2018-01-29 01:19:39 893
1517159980.893451375 0.944521 -0.465236 101.579 0 2018-01-29 01:19:40 893
1517159981.893502854 0.944524 -0.465254 101.579 0 2018-01-29 01:19:41 893
1517159982.893453393 0.944525 -0.465258 37.7193 0 2018-01-29 01:19:42 893
1517159983.893388358 0.944525 -0.465257 37.7193 0 2018-01-29 01:19:43 893
1517159984.893442181 0.944525 -0.465257 5.26316 0 2018-01-29 01:19:44 893
1517159985.893642465 0.949595 -0.505405 5.26316 0 2018-01-29 01:19:45 893
1517159986.893480761 0.960229 -0.601619 5.26316 0 2018-01-29 01:19:46 893
1517159987.893422862 1.04873 -0.884737 5.26316 0 2018-01-29 01:19:47 893
1517159988.893447309 1.28412 -1.09184 3.68421 0 2018-01-29 01:19:48 893
1517159989.893496496 1.59659 -1.17635 3.68421 0 2018-01-29 01:19:49 893
1517159990.894191636 1.90478 -1.0408 1.68421 0 2018-01-29 01:19:50 893
1517159991.893430334 2.10054 -0.763889 1.68421 0 2018-01-29 01:19:51 893
1517159992.893640202 2.18128 -0.463681 0.210526 0 2018-01-29 01:19:52 893
1517159993.893561678 2.08719 -0.239885 0.210526 0 2018-01-29 01:19:53 893
1517159994.893449298 2.08775 -0.240122 5.1579 0 2018-01-29 01:19:54 893
1517159995.893439838 2.08789 -0.240155 5.1579 0 2018-01-29 01:19:55 893
1517159996.893457565 2.08793 -0.240163 14.6316 0 2018-01-29 01:19:56 893
1517159997.893425969 2.08794 -0.24016 14.6316 0 2018-01-29 01:19:57 893
1517159998.893458229 2.08795 -0.240162 20.2105 0 2018-01-29 01:19:58 893
1517159999.893392933 2.08795 -0.240165 20.2105 0 2018-01-29 01:19:59 893
1517160000.893477330 2.08795 -0.240166 19.3684 0 2018-01-29 01:20:00 893
1517160001.893531204 2.07768 -0.215339 19.3684 0 2018-01-29 01:20:01 893
1517160002.893460076 1.98187 0.00975804 20.3158 0 2018-01-29 01:20:02 893
1517160003.893435927 1.98178 0.00996508 20.3158 0 2018-01-29 01:20:03 893
1517160004.893427561 1.98178 0.00995553 24.2105 0 2018-01-29 01:20:04 893
1517160005.893499769 1.98179 0.00994901 24.2105 0 2018-01-29 01:20:05 893
1517160006.893467235 1.98179 0.00995187 25.2632 0 2018-01-29 01:20:06 893
1517160007.893439285 1.98179 0.00995066 25.2632 0 2018-01-29 01:20:07 893
1517160008.893445346 1.98179 0.00994951 27.3684 0 2018-01-29 01:20:08 893
1517160009.893424374 1.92029 0.161229 27.3684 0 2018-01-29 01:20:09 893
1517160010.893810966 1.82858 0.216054 27.8947 0 2018-01-29 01:20:10 893
1517160011.893579781 1.82857 0.216057 27.8947 0 2018-01-29 01:20:11 893
1517160012.893447088 1.82858 0.216043 27.4737 0 2018-01-29 01:20:12 893
1517160013.893417940 1.82857 0.216062 27.4737 0 2018-01-29 01:20:13 893
1517160014.893467492 1.82857 0.216061 24.9474 0 2018-01-29 01:20:14 893
1517160015.893428864 1.77993 0.355444 24.9474 0 2018-01-29 01:20:15 893
1517160016.893975511 1.73976 0.482125 24.2105 0 2018-01-29 01:20:16 893
1517160017.893423798 1.73976 0.482095 24.2105 0 2018-01-29 01:20:17 893
1517160018.893470016 1.73976 0.482085 3.15789 0 2018-01-29 01:20:18 893
1517160019.893433055 1.7326 0.504374 3.15789 0 2018-01-29 01:20:19 893
1517160020.893443178 1.70207 0.604142 2.10526 0 2018-01-29 01:20:20 893
1517160021.893423665 1.6848 0.66922 2.10526 0 2018-01-29 01:20:21 893
1517160022.893391183 1.69724 0.962969 1.36842 0 2018-01-29 01:20:22 893
1517160023.894030750 1.90324 1.19864 1.36842 0 2018-01-29 01:20:23 893
1517160024.893448202 2.20845 1.27602 1.15789 0 2018-01-29 01:20:24 893
1517160025.893434940 2.52269 1.16203 1.15789 0 2018-01-29 01:20:25 893
1517160026.893445115 2.72008 0.906635 0.526316 0 2018-01-29 01:20:26 893
1517160027.893436905 2.77088 0.731151 0.526316 0 2018-01-29 01:20:27 893
1517160028.893460518 2.77116 0.731436 1.78947 0 2018-01-29 01:20:28 893
1517160029.893471110 2.77123 0.731534 1.78947 0 2018-01-29 01:20:29 893
1517160030.893447639 2.79391 0.607345 5.1579 0 2018-01-29 01:20:30 893
1517160031.893425679 2.82548 0.387734 5.1579 0 2018-01-29 01:20:31 893
1517160032.893468511 2.80507 0.385537 7.47368 0 2018-01-29 01:20:32 893
1517160033.893442175 2.80508 0.385536 7.47368 0 2018-01-29 01:20:33 893
1517160034.893473862 2.81552 0.317129 8.10526 0 2018-01-29 01:20:34 893
1517160035.893471589 2.8304 0.253392 8.10526 0 2018-01-29 01:20:35 893
1517160036.893523328 2.9592 0.0129076 8.10526 0 2018-01-29 01:20:36 893
1517160037.893428293 2.96478 0.00717489 8.10526 0 2018-01-29 01:20:37 893
1517160038.893456125 3.12231 -0.127749 6.63158 0 2018-01-29 01:20:38 893
1517160039.893445362 3.28328 -0.131095 6.63158 0 2018-01-29 01:20:39 893
1517160040.893463403 3.57895 -0.143817 7.36842 0 2018-01-29 01:20:40 893
1517160041.893439775 3.85974 0.0708788 7.36842 0 2018-01-29 01:20:41 893
1517160042.893455055 4.02973 0.338221 7.1579 0 2018-01-29 01:20:42 893
1517160043.893969879 3.99517 0.690078 7.1579 0 2018-01-29 01:20:43 893
1517160044.893463271 3.74934 0.961293 6.31579 0 2018-01-29 01:20:44 893
1517160045.893481623 3.47067 1.11961 6.31579 0 2018-01-29 01:20:45 893
1517160046.893448152 3.07613 1.06251 5.05263 0 2018-01-29 01:20:46 893
1517160047.893427181 2.87848 0.857228 5.05263 0 2018-01-29 01:20:47 893
1517160048.893818772 2.73019 0.586801 4.73684 0 2018-01-29 01:20:48 893
1517160049.893359092 2.76728 0.229536 4.73684 0 2018-01-29 01:20:49 893
1517160050.893442186 2.99144 -0.0271469 6.94737 0 2018-01-29 01:20:50 893
1517160051.893427101 3.3172 -0.129135 6.94737 0 2018-01-29 01:20:51 893
1517160052.893535456 3.63095 -0.109594 8.73684 0 2018-01-29 01:20:52 893
1517160053.893677353 3.89409 0.113141 8.73684 0 2018-01-29 01:20:53 893
1517160054.893453565 3.91116 0.147456 7.89474 0 2018-01-29 01:20:54 893
1517160055.893432177 3.87914 0.175966 7.89474 0 2018-01-29 01:20:55 893
1517160056.893514125 4.02186 0.329806 5.57895 0 2018-01-29 01:20:56 893
1517160057.893348723 4.22007 0.427192 5.57895 0 2018-01-29 01:20:57 893
1517160058.893568852 4.06103 0.371376 4.84211 0 2018-01-29 01:20:58 893
1517160059.893451368 3.74765 0.308209 4.84211 0 2018-01-29 01:20:59 893
1517160060.893714988 3.46036 0.227134 5.47368 0 2018-01-29 01:21:00 893
1517160061.893435833 3.30401 0.128711 5.47368 0 2018-01-29 01:21:01 893
1517160062.893432154 3.01989 0.00369386 5.68421 0 2018-01-29 01:21:02 893
1517160063.893600771 2.86219 -0.0771981 5.68421 0 2018-01-29 01:21:03 893
1517160064.893463026 2.66503 -0.23212 7.89474 0 2018-01-29 01:21:04 893
1517160065.893427784 2.34996 -0.255381 7.89474 0 2018-01-29 01:21:05 893
1517160066.893444782 2.23673 -0.224784 10.7368 0 2018-01-29 01:21:06 893
1517160067.893438499 2.32762 -0.276732 10.7368 0 2018-01-29 01:21:07 893
1517160068.893508416 2.30774 -0.26538 14.7368 0 2018-01-29 01:21:08 893
1517160069.893483122 2.06874 -0.188949 14.7368 0 2018-01-29 01:21:09 893
1517160070.893474911 2.04573 -0.228818 16 0 2018-01-29 01:21:10 893
1517160071.893424825 1.91959 -0.241753 16 0 2018-01-29 01:21:11 893
1517160072.893444740 1.91962 -0.241767 20.3158 0 2018-01-29 01:21:12 893
1517160073.893426686 2.01519 -0.243551 20.3158 0 2018-01-29 01:21:13 893
1517160074.893857393 1.96728 -0.241888 24.9474 0 2018-01-29 01:21:14 893
1517160075.893455944 1.70319 -0.240065 24.9474 0 2018-01-29 01:21:15 893
1517160076.893452681 1.68837 -0.240385 24.8421 0 2018-01-29 01:21:16 893
1517160077.893483222 1.68825 -0.240379 24.8421 0 2018-01-29 01:21:17 893
1517160078.893514335 1.47198 -0.249699 29.4737 0 2018-01-29 01:21:18 893
1517160079.893439144 1.40975 -0.254338 29.4737 0 2018-01-29 01:21:19 893
1517160080.893542916 1.40973 -0.254327 41.3684 0 2018-01-29 01:21:20 893
1517160081.893404806 1.40974 -0.254323 41.3684 0 2018-01-29 01:21:21 893
1517160082.893386960 1.40974 -0.254322 55.6842 0 2018-01-29 01:21:22 893
1517160083.893424637 1.25274 -0.267121 55.6842 0 2018-01-29 01:21:23 893
1517160084.893438250 1.08258 -0.289128 71.4737 0 2018-01-29 01:21:24 893
1517160085.893548220 1.0826 -0.289088 71.4737 0 2018-01-29 01:21:25 893
1517160086.893450163 1.08256 -0.289085 185 0 2018-01-29 01:21:26 893
1517160087.893426379 1.08257 -0.28908 185 0 2018-01-29 01:21:27 893
1517160088.893459003 1.08256 -0.289082 191.579 0 2018-01-29 01:21:28 893
1517160089.893422824 1.08256 -0.289082 191.579 0 2018-01-29 01:21:29 893
1517160090.893707694 1.08256 -0.289082 198.737 0 2018-01-29 01:21:30 893
1517160091.893434997 1.08256 -0.289082 198.737 0 2018-01-29 01:21:31 893
1517160092.893459705 0.965202 -0.309082 200.421 0 2018-01-29 01:21:32 893
1517160093.893426025 0.962323 -0.309642 200.421 0 2018-01-29 01:21:33 893
1517160094.893448492 0.99578 -0.302864 328.684 0 2018-01-29 01:21:34 893
1517160095.893383249 1.25545 -0.177983 328.684 0 2018-01-29 01:21:35 893
1517160096.893907396 1.33836 -0.0910408 185.263 0 2018-01-29 01:21:36 893
1517160097.893419122 1.33845 -0.0911706 185.263 0 2018-01-29 01:21:37 893
1517160098.893450131 1.33846 -0.0912204 132.281 0 2018-01-29 01:21:38 893
1517160099.893442910 1.33848 -0.0912213 132.281 0 2018-01-29 01:21:39 893
1517160100.893457409 1.33848 -0.091219 118.947 0 2018-01-29 01:21:40 893
1517160101.893447376 1.33849 -0.0912134 118.947 0 2018-01-29 01:21:41 893
1517160102.893456093 1.38588 -0.0291356 96.6316 0 2018-01-29 01:21:42 893
1517160103.893618824 1.53894 0.169339 96.6316 0 2018-01-29 01:21:43 893
1517160104.893438943 1.47412 0.178201 23.6842 0 2018-01-29 01:21:44 893
1517160105.893420888 1.48757 0.195591 23.6842 0 2018-01-29 01:21:45 893
1517160106.893597266 1.5565 0.271387 11.7544 0 2018-01-29 01:21:46 893
1517160107.893631349 1.55647 0.271396 11.7544 0 2018-01-29 01:21:47 893
1517160108.893448967 1.60034 0.310601 7.78947 0 2018-01-29 01:21:48 893
1517160109.893441069 1.66168 0.352743 7.78947 0 2018-01-29 01:21:49 893
1517160110.893454370 1.73849 0.392272 2.63158 0 2018-01-29 01:21:50 893
1517160111.893397773 2.04163 0.418243 2.63158 0 2018-01-29 01:21:51 893
1517160112.893454148 2.30732 0.266561 2.84211 0 2018-01-29 01:21:52 893
1517160113.893511199 2.59668 0.109804 2.84211 0 2018-01-29 01:21:53 893
1517160114.893742839 2.80555 0.0113883 7.1579 0 2018-01-29 01:21:54 893
1517160115.893438944 2.80546 0.0115871 7.1579 0 2018-01-29 01:21:55 893
1517160116.893471620 2.7939 0.0182466 11.2632 0 2018-01-29 01:21:56 893
1517160117.893432732 2.58693 0.185317 11.2632 0 2018-01-29 01:21:57 893
1517160118.893631402 2.44065 0.469205 10.8421 0 2018-01-29 01:21:58 893
1517160119.893427457 2.45907 0.643672 10.8421 0 2018-01-29 01:21:59 893
1517160120.893674045 2.4588 0.643594 10.1053 0 2018-01-29 01:22:00 893
1517160121.893444839 2.46155 0.749326 10.1053 0 2018-01-29 01:22:01 893
1517160122.893516266 2.34914 1.04682 9.89474 0 2018-01-29 01:22:02 893
1517160123.893377063 2.05231 1.12107 9.89474 0 2018-01-29 01:22:03 893
1517160124.893405729 1.84623 1.14018 6 0 2018-01-29 01:22:04 893
1517160125.893385799 1.71441 1.11476 6 0 2018-01-29 01:22:05 893
1517160126.893465248 1.4379 1.00247 2.42105 0 2018-01-29 01:22:06 893
1517160127.893370368 1.15711 0.852936 2.42105 0 2018-01-29 01:22:07 893
1517160128.893464556 0.884153 0.646993 0.315789 0 2018-01-29 01:22:08 893
1517160129.893443221 0.63453 0.445389 0.315789 0 2018-01-29 01:22:09 893
1517160130.893457251 0.440361 0.266585 0.526316 0 2018-01-29 01:22:10 893
1517160131.893435446 0.46547 0.240551 0.526316 0 2018-01-29 01:22:11 893
1517160132.895154936 0.41392 0.188801 0.631579 0 2018-01-29 01:22:12 893
1517160133.893522309 0.192976 0.0466122 0.631579 0 2018-01-29 01:22:13 893
1517160134.893458316 0.192842 0.0463617 0.526316 0 2018-01-29 01:22:14 893
1517160135.893424949 0.192878 0.0463023 0.526316 0 2018-01-29 01:22:15 893
1517160136.893468094 0.192899 0.04629 0.526316 0 2018-01-29 01:22:16 893
1517160137.893824112 0.192885 0.0462792 0.526316 0 2018-01-29 01:22:17 893
1517160138.893458236 0.19289 0.0462794 0.526316 0 2018-01-29 01:22:18 893
1517160139.893437213 0.192884 0.0462769 0.526316 0 2018-01-29 01:22:19 893
1517160140.893472806 0.192885 0.0462769 0.736842 0 2018-01-29 01:22:20 893
1517160141.893429386 0.192885 0.046277 0.736842 0 2018-01-29 01:22:21 893
1517160142.893468156 0.192885 0.046277 0.631579 0 2018-01-29 01:22:22 893
1517160143.893482915 0.192885 0.046277 0.631579 0 2018-01-29 01:22:23 893
1517160144.893466788 0.192885 0.046277 0.210526 0 2018-01-29 01:22:24 893
1517160145.893428004 0.192885 0.046277 0.210526 0 2018-01-29 01:22:25 893
1517160146.893463649 0.192885 0.046277 0.421053 0 2018-01-29 01:22:26 893
1517160147.893421844 0.192885 0.046277 0.421053 0 2018-01-29 01:22:27 893
1517160148.893480979 0.192885 0.046277 0.526316 0 2018-01-29 01:22:28 893
1517160149.893423445 0.192885 0.046277 0.526316 0 2018-01-29 01:22:29 893
1517160150.893457683 0.192885 0.046277 0.421053 0 2018-01-29 01:22:30 893
1517160151.893423378 0.192885 0.046277 0.421053 0 2018-01-29 01:22:31 893
1517160152.893460378 0.192885 0.046277 0.526316 0 2018-01-29 01:22:32 893
1517160153.893442375 0.192885 0.046277 0.526316 0 2018-01-29 01:22:33 893
1517160154.893456197 0.192885 0.046277 0.631579 0 2018-01-29 01:22:34 893
1517160155.893703930 0.192885 0.046277 0.631579 0 2018-01-29 01:22:35 893
1517160156.893618114 0.192885 0.046277 0.210526 0 2018-01-29 01:22:36 893
1517160157.893433545 0.192885 0.046277 0.210526 0 2018-01-29 01:22:37 893
1517160158.893920139 0.192885 0.046277 0.210526 0 2018-01-29 01:22:38 893
1517160159.893471136 0.192885 0.046277 0.210526 0 2018-01-29 01:22:39 893
1517160160.893443081 0.192885 0.046277 0 0 2018-01-29 01:22:40 893
1517160161.893429142 0.192885 0.046277 0 0 2018-01-29 01:22:41 893
1517160162.893440046 0.192885 0.046277 0.105263 0 2018-01-29 01:22:42 893
1517160163.893435378 0.192885 0.046277 0.105263 0 2018-01-29 01:22:43 893
1517160164.893450658 0.192885 0.046277 0.315789 0 2018-01-29 01:22:44 893
1517160165.893435312 0.192885 0.046277 0.315789 0 2018-01-29 01:22:45 893
1517160166.893437258 0.192885 0.046277 0.526316 0 2018-01-29 01:22:46 893
1517160167.893393682 0.192885 0.046277 0.526316 0 2018-01-29 01:22:47 893
1517160168.893468963 0.192885 0.046277 0.631579 0 2018-01-29 01:22:48 893
1517160169.893501900 0.192885 0.046277 0.631579 0 2018-01-29 01:22:49 893
1517160170.893376916 0.192885 0.046277 0.526316 0 2018-01-29 01:22:50 893
1517160171.893518136 0.192885 0.046277 0.526316 0 2018-01-29 01:22:51 893
1517160172.893446174 0.192885 0.046277 0.526316 0 2018-01-29 01:22:52 893
1517160173.893430464 0.192885 0.046277 0.526316 0 2018-01-29 01:22:53 893
1517160174.893446785 0.192885 0.046277 0.526316 0 2018-01-29 01:22:54 893
1517160175.893432377 0.192885 0.046277 0.526316 0 2018-01-29 01:22:55 893
1517160176.893451146 0.192885 0.046277 0.315789 0 2018-01-29 01:22:56 893
1517160177.893440749 0.192885 0.046277 0.315789 0 2018-01-29 01:22:57 893
1517160178.893472383 0.192885 0.046277 0.210526 0 2018-01-29 01:22:58 893
1517160179.893582040 0.192885 0.046277 0.210526 0 2018-01-29 01:22:59 893
