#timeStamp px(m) py(m) doseRate(uSv/h)
1517157989.411515553 -4.02844e-40 1.13688e-20 1.26316 0 2018-01-29 00:46:29 411
1517157989.411916553 -4.02844e-40 1.13688e-20 1.26316 0 2018-01-29 00:46:29 411
1517157990.412087514 -4.02844e-40 1.13688e-20 1.15789 0 2018-01-29 00:46:30 411
1517157991.412026854 -4.02844e-40 1.13688e-20 1.15789 0 2018-01-29 00:46:31 411
1517157992.412076406 -4.02844e-40 1.13688e-20 1.68421 0 2018-01-29 00:46:32 411
1517157993.412050747 -4.02844e-40 1.13688e-20 1.68421 0 2018-01-29 00:46:33 411
1517157994.412085142 -4.02844e-40 1.13688e-20 1.36842 0 2018-01-29 00:46:34 411
1517157995.412042816 -4.02844e-40 1.13688e-20 1.36842 0 2018-01-29 00:46:35 411
1517157996.412087055 -4.02844e-40 1.13688e-20 1.05263 0 2018-01-29 00:46:36 411
1517157997.412068480 -4.02844e-40 1.13688e-20 1.05263 0 2018-01-29 00:46:37 411
1517157998.412164387 -4.02844e-40 1.13688e-20 0.947368 0 2018-01-29 00:46:38 411
1517157999.412115863 -4.02844e-40 1.13688e-20 0.947368 0 2018-01-29 00:46:39 411
1517158000.412080777 -4.02844e-40 1.13688e-20 1.05263 0 2018-01-29 00:46:40 411
1517158001.412052774 -4.02844e-40 1.13688e-20 1.05263 0 2018-01-29 00:46:41 411
1517158002.412071961 -4.02844e-40 1.13688e-20 0.736842 0 2018-01-29 00:46:42 411
1517158003.412153753 -4.02844e-40 1.13688e-20 0.736842 0 2018-01-29 00:46:43 411
1517158004.412099083 -4.02844e-40 1.13688e-20 0.631579 0 2018-01-29 00:46:44 411
1517158005.412057330 -4.02844e-40 1.13688e-20 0.631579 0 2018-01-29 00:46:45 411
1517158006.412069016 -4.02844e-40 1.13688e-20 0.736842 0 2018-01-29 00:46:46 411
1517158007.411979814 -4.02844e-40 1.13688e-20 0.736842 0 2018-01-29 00:46:47 411
1517158008.412085773 -4.02844e-40 1.13688e-20 1.26316 0 2018-01-29 00:46:48 411
1517158009.411991415 -4.02844e-40 1.13688e-20 1.26316 0 2018-01-29 00:46:49 411
1517158010.412049821 -4.02844e-40 1.13688e-20 1.05263 0 2018-01-29 00:46:50 411
1517158011.412050204 -4.02844e-40 1.13688e-20 1.05263 0 2018-01-29 00:46:51 411
1517158012.412073505 -4.02844e-40 1.13688e-20 1.26316 0 2018-01-29 00:46:52 411
1517158013.412088264 -4.02844e-40 1.13688e-20 1.26316 0 2018-01-29 00:46:53 412
1517158014.412078908 -4.02844e-40 1.13688e-20 0.947368 0 2018-01-29 00:46:54 411
1517158015.412701755 -4.02844e-40 1.13688e-20 0.947368 0 2018-01-29 00:46:55 412
1517158016.412088529 -4.02844e-40 1.13688e-20 0.947368 0 2018-01-29 00:46:56 411
1517158017.412136935 -4.02844e-40 1.13688e-20 0.947368 0 2018-01-29 00:46:57 412
1517158018.412559465 -4.02844e-40 1.13688e-20 0.736842 0 2018-01-29 00:46:58 411
1517158019.412062075 -4.02844e-40 1.13688e-20 0.736842 0 2018-01-29 00:46:59 411
1517158020.412137513 -4.02844e-40 1.13688e-20 1.26316 0 2018-01-29 00:47:00 412
1517158021.412055655 -4.02844e-40 1.13688e-20 1.26316 0 2018-01-29 00:47:01 411
1517158022.412081716 -4.02844e-40 1.13688e-20 1.36842 0 2018-01-29 00:47:02 411
1517158023.412187780 -4.02844e-40 1.13688e-20 1.36842 0 2018-01-29 00:47:03 411
1517158024.412176496 -4.02844e-40 1.13688e-20 1.36842 0 2018-01-29 00:47:04 411
1517158025.412030678 -4.02844e-40 1.13688e-20 1.36842 0 2018-01-29 00:47:05 411
1517158026.412027937 -4.02844e-40 1.13688e-20 1.26316 0 2018-01-29 00:47:06 411
1517158027.412181918 -4.02844e-40 1.13688e-20 1.26316 0 2018-01-29 00:47:07 412
1517158028.412083445 -4.02844e-40 1.13688e-20 1.05263 0 2018-01-29 00:47:08 411
1517158029.412058984 -4.02844e-40 1.13688e-20 1.05263 0 2018-01-29 00:47:09 411
1517158030.412080202 -4.02844e-40 1.13688e-20 0.947368 0 2018-01-29 00:47:10 411
1517158031.412058554 -4.02844e-40 1.13688e-20 0.947368 0 2018-01-29 00:47:11 411
1517158032.412079146 -4.02844e-40 1.13688e-20 1.05263 0 2018-01-29 00:47:12 411
1517158033.412102707 -4.02844e-40 1.13688e-20 1.05263 0 2018-01-29 00:47:13 412
1517158034.412095643 -4.02844e-40 1.13688e-20 1.15789 0 2018-01-29 00:47:14 411
1517158035.412053473 -4.02844e-40 1.13688e-20 1.15789 0 2018-01-29 00:47:15 411
1517158036.412077087 -4.02844e-40 1.13688e-20 1.05263 0 2018-01-29 00:47:16 411
1517158037.412064606 -4.02844e-40 1.13688e-20 1.05263 0 2018-01-29 00:47:17 411
1517158038.412089417 -4.02844e-40 1.13688e-20 1.15789 0 2018-01-29 00:47:18 411
1517158039.412061987 -4.02844e-40 1.13688e-20 1.15789 0 2018-01-29 00:47:19 411
1517158040.412090288 -4.02844e-40 1.13688e-20 1.05263 0 2018-01-29 00:47:20 411
1517158041.412060046 -4.02844e-40 1.13688e-20 1.05263 0 2018-01-29 00:47:21 411
1517158042.412091628 -4.02844e-40 1.13688e-20 0.526316 0 2018-01-29 00:47:22 411
1517158043.412049771 -4.02844e-40 1.13688e-20 0.526316 0 2018-01-29 00:47:23 411
1517158044.412242712 -4.02844e-40 1.13688e-20 0.842105 0 2018-01-29 00:47:24 412
1517158045.412075539 -4.02844e-40 1.13688e-20 0.842105 0 2018-01-29 00:47:25 411
1517158046.412164936 -4.02844e-40 1.13688e-20 1.05263 0 2018-01-29 00:47:26 412
1517158047.412054639 -4.02844e-40 1.13688e-20 1.05263 0 2018-01-29 00:47:27 411
1517158048.412130077 -4.02844e-40 1.13688e-20 1.15789 0 2018-01-29 00:47:28 411
1517158049.412153326 -4.02844e-40 1.13688e-20 1.15789 0 2018-01-29 00:47:29 411
1517158050.412145115 -4.02844e-40 1.13688e-20 1.05263 0 2018-01-29 00:47:30 411
1517158051.412051955 -4.02844e-40 1.13688e-20 1.05263 0 2018-01-29 00:47:31 411
1517158052.412092131 -4.02844e-40 1.13688e-20 1.05263 0 2018-01-29 00:47:32 411
1517158053.412068191 -4.02844e-40 1.13688e-20 1.05263 0 2018-01-29 00:47:33 411
1517158054.412076440 -4.02844e-40 1.13688e-20 1.05263 0 2018-01-29 00:47:34 411
1517158055.412063750 -4.02844e-40 1.13688e-20 1.05263 0 2018-01-29 00:47:35 411
1517158056.412087051 -4.02844e-40 1.13688e-20 0.736842 0 2018-01-29 00:47:36 411
1517158057.412039308 -4.02844e-40 1.13688e-20 0.736842 0 2018-01-29 00:47:37 411
1517158058.412092610 -4.02844e-40 1.13688e-20 0.631579 0 2018-01-29 00:47:38 411
1517158059.412059295 -4.02844e-40 1.13688e-20 0.631579 0 2018-01-29 00:47:39 411
1517158060.412093377 -4.02844e-40 1.13688e-20 0.421053 0 2018-01-29 00:47:40 411
1517158061.412027665 -4.02844e-40 1.13688e-20 0.421053 0 2018-01-29 00:47:41 411
1517158062.412063727 -4.02844e-40 1.13688e-20 0.736842 0 2018-01-29 00:47:42 411
1517158063.412060933 -4.02844e-40 1.13688e-20 0.736842 0 2018-01-29 00:47:43 411
1517158064.412107464 -4.02844e-40 1.13688e-20 0.842105 0 2018-01-29 00:47:44 411
1517158065.412232122 -4.02844e-40 1.13688e-20 0.842105 0 2018-01-29 00:47:45 412
1517158066.412098700 -4.02844e-40 1.13688e-20 1.47368 0 2018-01-29 00:47:46 411
1517158067.412071427 -4.02844e-40 1.13688e-20 1.47368 0 2018-01-29 00:47:47 411
1517158068.412085404 -4.02844e-40 1.13688e-20 1.26316 0 2018-01-29 00:47:48 411
1517158069.412118914 -4.02844e-40 1.13688e-20 1.26316 0 2018-01-29 00:47:49 412
1517158070.412084088 -4.02844e-40 1.13688e-20 1.15789 0 2018-01-29 00:47:50 411
1517158071.412023168 -4.02844e-40 1.13688e-20 1.15789 0 2018-01-29 00:47:51 411
1517158072.412249339 -4.02844e-40 1.13688e-20 1.15789 0 2018-01-29 00:47:52 412
1517158073.412063884 -4.02844e-40 1.13688e-20 1.15789 0 2018-01-29 00:47:53 411
1517158074.412099998 -4.02844e-40 1.13688e-20 1.26316 0 2018-01-29 00:47:54 411
1517158075.412079808 -4.02844e-40 1.13688e-20 1.26316 0 2018-01-29 00:47:55 411
1517158076.412069514 -4.02844e-40 1.13688e-20 1.15789 0 2018-01-29 00:47:56 411
1517158077.412059169 -4.02844e-40 1.13688e-20 1.15789 0 2018-01-29 00:47:57 411
1517158078.412093616 -4.02844e-40 1.13688e-20 0.736842 0 2018-01-29 00:47:58 411
1517158079.412017956 -4.02844e-40 1.13688e-20 0.736842 0 2018-01-29 00:47:59 411
1517158080.412085580 -4.02844e-40 1.13688e-20 0.631579 0 2018-01-29 00:48:00 411
1517158081.412072214 -4.02844e-40 1.13688e-20 0.631579 0 2018-01-29 00:48:01 411
1517158082.412101661 -4.02844e-40 1.13688e-20 0.947368 0 2018-01-29 00:48:02 411
1517158083.412222099 -4.02844e-40 1.13688e-20 0.947368 0 2018-01-29 00:48:03 411
1517158084.412083573 -4.02844e-40 1.13688e-20 0.842105 0 2018-01-29 00:48:04 411
1517158085.412072863 -4.02844e-40 1.13688e-20 0.842105 0 2018-01-29 00:48:05 411
1517158086.412104914 -4.02844e-40 1.13688e-20 0.421053 0 2018-01-29 00:48:06 411
1517158087.412318220 -4.02844e-40 1.13688e-20 0.421053 0 2018-01-29 00:48:07 412
1517158088.412106931 -4.02844e-40 1.13688e-20 0.421053 0 2018-01-29 00:48:08 411
1517158089.412076585 -4.02844e-40 1.13688e-20 0.421053 0 2018-01-29 00:48:09 411
1517158090.412095042 -4.02844e-40 1.13688e-20 1.15789 0 2018-01-29 00:48:10 411
1517158091.412090165 -4.02844e-40 1.13688e-20 1.15789 0 2018-01-29 00:48:11 412
1517158092.412074663 -4.02844e-40 1.13688e-20 1.68421 0 2018-01-29 00:48:12 411
1517158093.412313281 -4.02844e-40 1.13688e-20 1.68421 0 2018-01-29 00:48:13 412
1517158094.412162463 -4.02844e-40 1.13688e-20 1.78947 0 2018-01-29 00:48:14 411
1517158095.412068626 -4.02844e-40 1.13688e-20 1.78947 0 2018-01-29 00:48:15 411
1517158096.412087968 -4.02844e-40 1.13688e-20 1.36842 0 2018-01-29 00:48:16 411
1517158097.412070539 -4.02844e-40 1.13688e-20 1.36842 0 2018-01-29 00:48:17 411
1517158098.412106653 -4.02844e-40 1.13688e-20 1.57895 0 2018-01-29 00:48:18 411
1517158099.412070785 -4.02844e-40 1.13688e-20 1.57895 0 2018-01-29 00:48:19 411
1517158100.412092003 -4.02844e-40 1.13688e-20 1.47368 0 2018-01-29 00:48:20 411
1517158101.412107178 -4.02844e-40 1.13688e-20 1.47368 0 2018-01-29 00:48:21 412
1517158102.412084853 -4.02844e-40 1.13688e-20 1.36842 0 2018-01-29 00:48:22 411
1517158103.412063153 -4.02844e-40 1.13688e-20 1.36842 0 2018-01-29 00:48:23 411
1517158104.412100621 0.0653869 0.000145843 1.36842 0 2018-01-29 00:48:24 411
1517158105.411982929 0.0727669 0.000164003 1.36842 0 2018-01-29 00:48:25 411
1517158106.412002948 0.072763 0.000163944 1.68421 0 2018-01-29 00:48:26 411
1517158107.412057396 0.0727607 0.000163926 1.68421 0 2018-01-29 00:48:27 411
1517158108.412089655 0.0727635 0.000163926 1.36842 0 2018-01-29 00:48:28 411
1517158109.412073892 0.0727645 0.000163926 1.36842 0 2018-01-29 00:48:29 411
1517158110.412073338 0.0727658 0.000163928 1.26316 0 2018-01-29 00:48:30 411
1517158111.412069555 0.0727658 0.000163928 1.26316 0 2018-01-29 00:48:31 411
1517158112.412095721 0.0727657 0.000163928 0.947368 0 2018-01-29 00:48:32 411
1517158113.412044541 0.0727657 0.000163928 0.947368 0 2018-01-29 00:48:33 411
1517158114.412072112 0.0727657 0.000163928 0.947368 0 2018-01-29 00:48:34 411
1517158115.412031505 0.0727657 0.000163928 0.947368 0 2018-01-29 00:48:35 411
1517158116.412098193 0.0727657 0.000163928 0.947368 0 2018-01-29 00:48:36 411
1517158117.412054721 0.0727657 0.000163928 0.947368 0 2018-01-29 00:48:37 411
1517158118.412070834 0.0739934 0.000166042 0.842105 0 2018-01-29 00:48:38 411
1517158119.412121480 0.141982 0.00251574 0.842105 0 2018-01-29 00:48:39 411
1517158120.412100977 0.196136 0.00883432 0.736842 0 2018-01-29 00:48:40 411
1517158121.412051672 0.215949 0.0125854 0.736842 0 2018-01-29 00:48:41 411
1517158122.412081171 0.215977 0.0125804 1.05263 0 2018-01-29 00:48:42 411
1517158123.412080461 0.215977 0.0125775 1.05263 0 2018-01-29 00:48:43 411
1517158124.412072407 0.285554 0.0291197 0.736842 0 2018-01-29 00:48:44 411
1517158125.413045055 0.285967 0.0292384 0.736842 0 2018-01-29 00:48:45 412
1517158126.412084581 0.364964 0.0506169 0.736842 0 2018-01-29 00:48:46 411
1517158127.412047463 0.504883 0.0866178 0.736842 0 2018-01-29 00:48:47 411
1517158128.412078108 0.504883 0.0866186 1.05263 0 2018-01-29 00:48:48 411
1517158129.412055002 0.504885 0.0866193 1.05263 0 2018-01-29 00:48:49 411
1517158130.412080021 0.504888 0.0866202 1.15789 0 2018-01-29 00:48:50 411
1517158131.412072176 0.50488 0.0866181 1.15789 0 2018-01-29 00:48:51 411
1517158132.412076153 0.504886 0.0866197 0.842105 0 2018-01-29 00:48:52 411
1517158133.412068880 0.571066 0.102949 0.842105 0 2018-01-29 00:48:53 411
1517158134.412481826 0.672735 0.126577 0.947368 0 2018-01-29 00:48:54 412
1517158135.412054595 0.672737 0.126584 0.947368 0 2018-01-29 00:48:55 411
1517158136.412086073 0.672735 0.126585 0.947368 0 2018-01-29 00:48:56 411
1517158137.412058123 0.672738 0.126586 0.947368 0 2018-01-29 00:48:57 411
1517158138.412106372 0.672739 0.126587 1.68421 0 2018-01-29 00:48:58 411
1517158139.412232748 0.752191 0.143503 1.68421 0 2018-01-29 00:48:59 412
1517158140.412084014 0.88197 0.165205 1.78947 0 2018-01-29 00:49:00 411
1517158141.412143670 0.881942 0.165208 1.78947 0 2018-01-29 00:49:01 412
1517158142.412105771 0.881955 0.165212 1.57895 0 2018-01-29 00:49:02 411
1517158143.412053914 0.881973 0.165215 1.57895 0 2018-01-29 00:49:03 411
1517158144.412230604 0.881972 0.165215 2 0 2018-01-29 00:49:04 412
1517158145.412296093 0.929119 0.173257 2 0 2018-01-29 00:49:05 411
1517158146.412092618 0.9554 0.179106 1.68421 0 2018-01-29 00:49:06 411
1517158147.412045552 0.973665 0.183241 1.68421 0 2018-01-29 00:49:07 411
1517158148.412092187 1.14833 0.218239 1.47368 0 2018-01-29 00:49:08 411
1517158149.412043142 1.22472 0.232004 1.47368 0 2018-01-29 00:49:09 411
1517158150.412080714 1.22471 0.232005 1.26316 0 2018-01-29 00:49:10 411
1517158151.412048753 1.2247 0.232004 1.26316 0 2018-01-29 00:49:11 411
1517158152.412156692 1.22472 0.232008 1.15789 0 2018-01-29 00:49:12 412
1517158153.412323538 1.22471 0.232006 1.15789 0 2018-01-29 00:49:13 411
1517158154.412069957 1.22471 0.232007 1.15789 0 2018-01-29 00:49:14 411
1517158155.412064455 1.22907 0.232808 1.15789 0 2018-01-29 00:49:15 411
1517158156.412078537 1.39828 0.26019 1.57895 0 2018-01-29 00:49:16 411
1517158157.412065118 1.45167 0.27654 1.57895 0 2018-01-29 00:49:17 411
1517158158.412105086 1.45172 0.276551 1.57895 0 2018-01-29 00:49:18 411
1517158159.412060312 1.45172 0.276552 1.57895 0 2018-01-29 00:49:19 411
1517158160.412084759 1.45171 0.276551 1.57895 0 2018-01-29 00:49:20 411
1517158161.412045454 1.45188 0.276575 1.57895 0 2018-01-29 00:49:21 411
1517158162.412228655 1.61128 0.295649 2 0 2018-01-29 00:49:22 412
1517158163.412542275 1.67954 0.30264 2 0 2018-01-29 00:49:23 411
1517158164.412111294 1.67959 0.30265 2.10526 0 2018-01-29 00:49:24 412
1517158165.412063291 1.6796 0.302652 2.10526 0 2018-01-29 00:49:25 411
1517158166.412097790 1.67959 0.302652 1.78947 0 2018-01-29 00:49:26 411
1517158167.412055464 1.7545 0.313573 1.78947 0 2018-01-29 00:49:27 411
1517158168.412080848 1.75448 0.313559 2 0 2018-01-29 00:49:28 411
1517158169.412072951 1.78051 0.318651 2 0 2018-01-29 00:49:29 411
1517158170.412087710 1.9574 0.348215 2.21053 0 2018-01-29 00:49:30 411
1517158171.412050436 2.04971 0.361006 2.21053 0 2018-01-29 00:49:31 411
1517158172.412072122 2.04971 0.361014 3.47368 0 2018-01-29 00:49:32 411
1517158173.412044953 2.0497 0.361014 3.47368 0 2018-01-29 00:49:33 411
1517158174.411999815 2.04972 0.361018 5.05263 0 2018-01-29 00:49:34 411
1517158175.412059939 2.04972 0.361018 5.05263 0 2018-01-29 00:49:35 411
1517158176.412077719 2.04972 0.361018 6.84211 0 2018-01-29 00:49:36 411
1517158177.412053102 2.04972 0.361018 6.84211 0 2018-01-29 00:49:37 411
1517158178.412072757 2.04972 0.361018 6.73684 0 2018-01-29 00:49:38 411
1517158179.412043817 2.04972 0.361018 6.73684 0 2018-01-29 00:49:39 411
1517158180.412078160 2.10786 0.371166 6.42105 0 2018-01-29 00:49:40 411
1517158181.412095575 2.11436 0.39705 6.42105 0 2018-01-29 00:49:41 412
1517158182.412091428 2.11764 0.397679 6.94737 0 2018-01-29 00:49:42 411
1517158183.412166240 2.27032 0.423002 6.94737 0 2018-01-29 00:49:43 411
1517158184.412077455 2.35992 0.437555 7.26316 0 2018-01-29 00:49:44 411
1517158185.412060442 2.3599 0.437553 7.26316 0 2018-01-29 00:49:45 411
1517158186.412297446 2.3599 0.437554 8.31579 0 2018-01-29 00:49:46 411
1517158187.412045688 2.3599 0.437553 8.31579 0 2018-01-29 00:49:47 411
1517158188.412087427 2.3599 0.437554 8.10526 0 2018-01-29 00:49:48 411
1517158189.412046091 2.41614 0.446902 8.10526 0 2018-01-29 00:49:49 411
1517158190.412070902 2.60328 0.477064 8.21053 0 2018-01-29 00:49:50 411
1517158191.412044775 2.63343 0.481069 8.21053 0 2018-01-29 00:49:51 411
1517158192.412082295 2.63347 0.48108 7.68421 0 2018-01-29 00:49:52 411
1517158193.411992676 2.63344 0.481078 7.68421 0 2018-01-29 00:49:53 411
1517158194.412082854 2.72556 0.492387 6.94737 0 2018-01-29 00:49:54 411
1517158195.412056362 2.90566 0.510129 6.94737 0 2018-01-29 00:49:55 411
1517158196.412088152 2.96626 0.528243 5.78947 0 2018-01-29 00:49:56 411
1517158197.412048691 3.15582 0.498377 5.78947 0 2018-01-29 00:49:57 411
1517158198.412508097 3.31022 0.426654 4.21053 0 2018-01-29 00:49:58 411
1517158199.412164149 3.48029 0.335594 4.21053 0 2018-01-29 00:49:59 412
1517158200.412070676 3.59403 0.261344 3.89474 0 2018-01-29 00:50:00 411
1517158201.412067934 3.72308 0.122409 3.89474 0 2018-01-29 00:50:01 411
1517158202.412067745 3.80253 -0.0285679 4.63158 0 2018-01-29 00:50:02 411
1517158203.412372772 3.87982 -0.202073 4.63158 0 2018-01-29 00:50:03 411
1517158204.412301539 3.91372 -0.407932 4.31579 0 2018-01-29 00:50:04 411
1517158205.412095042 3.94946 -0.561835 4.31579 0 2018-01-29 00:50:05 412
1517158206.412086207 3.98401 -0.754607 3.89474 0 2018-01-29 00:50:06 411
1517158207.411989244 4.0056 -0.892939 3.89474 0 2018-01-29 00:50:07 411
1517158208.412086245 4.01312 -0.931309 3.15789 0 2018-01-29 00:50:08 411
1517158209.412055274 4.02887 -0.882105 3.15789 0 2018-01-29 00:50:09 411
1517158210.412078731 4.106 -1.05516 3.47368 0 2018-01-29 00:50:10 411
1517158211.412130105 4.1981 -1.19015 3.47368 0 2018-01-29 00:50:11 412
1517158212.412072988 4.3109 -1.3476 2.42105 0 2018-01-29 00:50:12 411
1517158213.412050506 4.38448 -1.45973 2.42105 0 2018-01-29 00:50:13 411
1517158214.412139746 4.46709 -1.57492 1.78947 0 2018-01-29 00:50:14 411
1517158215.412338937 4.53692 -1.75131 1.78947 0 2018-01-29 00:50:15 411
1517158216.412064991 4.55181 -1.79886 1.36842 0 2018-01-29 00:50:16 411
1517158217.412059749 4.56073 -1.83307 1.36842 0 2018-01-29 00:50:17 411
1517158218.412079300 4.58138 -1.94346 0.631579 0 2018-01-29 00:50:18 411
1517158219.412059527 4.60753 -2.1329 0.631579 0 2018-01-29 00:50:19 411
1517158220.412042306 4.60977 -2.32169 0.421053 0 2018-01-29 00:50:20 411
1517158221.412071388 4.6189 -2.50802 0.421053 0 2018-01-29 00:50:21 411
1517158222.412101460 4.62182 -2.70074 0.315789 0 2018-01-29 00:50:22 411
1517158223.411983195 4.62096 -2.89249 0.315789 0 2018-01-29 00:50:23 411
1517158224.412328587 4.56047 -3.11502 0.315789 0 2018-01-29 00:50:24 412
1517158225.412067818 4.54662 -3.30271 0.315789 0 2018-01-29 00:50:25 411
1517158226.412087056 4.53138 -3.49355 0.315789 0 2018-01-29 00:50:26 411
1517158227.412118639 4.5126 -3.68627 0.315789 0 2018-01-29 00:50:27 411
1517158228.412076625 4.4689 -3.86566 0.526316 0 2018-01-29 00:50:28 411
1517158229.412244305 4.45042 -4.05951 0.526316 0 2018-01-29 00:50:29 412
1517158230.412663137 4.41018 -4.23408 0.315789 0 2018-01-29 00:50:30 412
1517158231.412096579 4.37681 -4.36157 0.315789 0 2018-01-29 00:50:31 412
1517158232.412079358 4.23023 -4.44908 0.210526 0 2018-01-29 00:50:32 411
1517158233.412070470 4.01526 -4.48757 0.210526 0 2018-01-29 00:50:33 411
1517158234.412086792 3.81037 -4.49734 0.105263 0 2018-01-29 00:50:34 411
1517158235.412066810 3.6805 -4.49651 0.105263 0 2018-01-29 00:50:35 411
1517158236.412093341 3.49032 -4.48375 0.105263 0 2018-01-29 00:50:36 411
1517158237.412587591 3.2951 -4.46375 0.105263 0 2018-01-29 00:50:37 412
1517158238.412107077 3.17858 -4.51292 0 0 2018-01-29 00:50:38 411
1517158239.412048657 2.98675 -4.48151 0 0 2018-01-29 00:50:39 411
1517158240.412074197 2.7966 -4.44818 0 0 2018-01-29 00:50:40 411
1517158241.412122447 2.53388 -4.46617 0 0 2018-01-29 00:50:41 411
1517158242.412085590 2.38351 -4.43534 0 0 2018-01-29 00:50:42 411
1517158243.412051233 2.21942 -4.39973 0 0 2018-01-29 00:50:43 411
1517158244.412030002 2.03387 -4.35662 0 0 2018-01-29 00:50:44 411
1517158245.412077105 1.93311 -4.33112 0 0 2018-01-29 00:50:45 411
1517158246.412067853 1.91062 -4.32536 0 0 2018-01-29 00:50:46 411
1517158247.412044278 1.8497 -4.30749 0 0 2018-01-29 00:50:47 411
1517158248.412070704 1.69824 -4.26023 0.105263 0 2018-01-29 00:50:48 411
1517158249.412058379 1.52703 -4.24197 0.105263 0 2018-01-29 00:50:49 411
1517158250.412013032 1.36209 -4.2497 0.105263 0 2018-01-29 00:50:50 411
1517158251.412166857 1.12253 -4.30684 0.105263 0 2018-01-29 00:50:51 412
1517158252.412141198 0.931418 -4.31137 0.105263 0 2018-01-29 00:50:52 411
1517158253.412046788 0.738945 -4.31299 0.105263 0 2018-01-29 00:50:53 411
1517158254.412179935 0.547402 -4.31004 0 0 2018-01-29 00:50:54 412
1517158255.412052711 0.41331 -4.27237 0 0 2018-01-29 00:50:55 411
1517158256.412076116 0.224233 -4.26718 0.105263 0 2018-01-29 00:50:56 411
1517158257.412049937 0.0314078 -4.26063 0.105263 0 2018-01-29 00:50:57 411
1517158258.412064019 -0.157667 -4.25109 0.105263 0 2018-01-29 00:50:58 411
1517158259.412070236 -0.339198 -4.25765 0.105263 0 2018-01-29 00:50:59 411
1517158260.412072963 -0.530893 -4.23827 0.210526 0 2018-01-29 00:51:00 411
1517158261.412323353 -0.717874 -4.21691 0.210526 0 2018-01-29 00:51:01 411
1517158262.412083523 -0.901221 -4.19985 0.105263 0 2018-01-29 00:51:02 411
1517158263.412039999 -1.07786 -4.16459 0.105263 0 2018-01-29 00:51:03 411
1517158264.412087571 -1.25019 -4.07123 0.105263 0 2018-01-29 00:51:04 411
1517158265.412027849 -1.3759 -3.92411 0.105263 0 2018-01-29 00:51:05 411
1517158266.412086776 -1.35656 -3.7097 0 0 2018-01-29 00:51:06 411
1517158267.412045596 -1.36094 -3.76225 0 0 2018-01-29 00:51:07 411
1517158268.412189473 -1.3797 -3.95541 0 0 2018-01-29 00:51:08 411
1517158269.412057822 -1.40601 -4.11593 0 0 2018-01-29 00:51:09 411
1517158270.412055809 -1.40904 -4.31444 0.105263 0 2018-01-29 00:51:10 411
1517158271.412057287 -1.40301 -4.49789 0.105263 0 2018-01-29 00:51:11 411
1517158272.412085900 -1.38726 -4.69125 0.210526 0 2018-01-29 00:51:12 411
1517158273.412137483 -1.36885 -4.86996 0.210526 0 2018-01-29 00:51:13 412
1517158274.412068594 -1.33495 -5.0404 0.315789 0 2018-01-29 00:51:14 411
1517158275.412051321 -1.34463 -4.90752 0.315789 0 2018-01-29 00:51:15 411
1517158276.412912351 -1.29796 -4.721 0.210526 0 2018-01-29 00:51:16 412
1517158277.412436629 -1.11007 -4.57616 0.210526 0 2018-01-29 00:51:17 412
1517158278.412091744 -0.969511 -4.47122 0.210526 0 2018-01-29 00:51:18 411
1517158279.412047126 -0.8644 -4.37283 0.210526 0 2018-01-29 00:51:19 411
1517158280.412089178 -0.703878 -4.27326 0.105263 0 2018-01-29 00:51:20 411
1517158281.412050914 -0.537429 -4.17718 0.105263 0 2018-01-29 00:51:21 411
1517158282.412117185 -0.372024 -4.08971 0.210526 0 2018-01-29 00:51:22 411
1517158283.412043088 -0.212903 -3.99983 0.210526 0 2018-01-29 00:51:23 411
1517158284.412086129 -0.0379608 -3.92 0.315789 0 2018-01-29 00:51:24 411
1517158285.412042501 0.138314 -3.84419 0.315789 0 2018-01-29 00:51:25 411
1517158286.412084604 0.337448 -3.75534 0.210526 0 2018-01-29 00:51:26 411
1517158287.412057227 0.51459 -3.6893 0.210526 0 2018-01-29 00:51:27 411
1517158288.412065527 0.679992 -3.63848 0.105263 0 2018-01-29 00:51:28 411
1517158289.412058046 0.864581 -3.63295 0.105263 0 2018-01-29 00:51:29 411
1517158290.412085618 1.03863 -3.66848 0 0 2018-01-29 00:51:30 411
1517158291.412067251 1.22217 -3.70094 0 0 2018-01-29 00:51:31 411
1517158292.412116021 1.41525 -3.7429 0.210526 0 2018-01-29 00:51:32 411
1517158293.412056247 1.59846 -3.78965 0.210526 0 2018-01-29 00:51:33 411
1517158294.412109288 1.76898 -3.83762 0.210526 0 2018-01-29 00:51:34 411
1517158295.412053733 1.95669 -3.90023 0.210526 0 2018-01-29 00:51:35 411
1517158296.412134119 2.13386 -3.96185 0.210526 0 2018-01-29 00:51:36 411
1517158297.412026427 2.31707 -4.0298 0.210526 0 2018-01-29 00:51:37 411
1517158298.412483957 2.47584 -4.0843 0 0 2018-01-29 00:51:38 411
1517158299.412048861 2.65287 -4.16084 0 0 2018-01-29 00:51:39 411
1517158300.412069297 2.82839 -4.23765 0 0 2018-01-29 00:51:40 411
1517158301.412050305 3.00654 -4.29023 0 0 2018-01-29 00:51:41 411
1517158302.412087565 3.17766 -4.3758 0.105263 0 2018-01-29 00:51:42 411
1517158303.412172586 3.34822 -4.44539 0.105263 0 2018-01-29 00:51:43 411
1517158304.412139115 3.52618 -4.47055 0.210526 0 2018-01-29 00:51:44 411
1517158305.412057725 3.71943 -4.43073 0.210526 0 2018-01-29 00:51:45 411
1517158306.412107589 3.91212 -4.4423 0.315789 0 2018-01-29 00:51:46 411
1517158307.412067191 4.09931 -4.45595 0.315789 0 2018-01-29 00:51:47 411
1517158308.412076377 4.27517 -4.4527 0.210526 0 2018-01-29 00:51:48 411
1517158309.411986602 4.45618 -4.36918 0.210526 0 2018-01-29 00:51:49 411
1517158310.412172407 4.61204 -4.25566 0.105263 0 2018-01-29 00:51:50 411
1517158311.412049246 4.72463 -4.0969 0.105263 0 2018-01-29 00:51:51 411
1517158312.412237238 4.70741 -3.89944 0.105263 0 2018-01-29 00:51:52 411
1517158313.412057357 4.72181 -3.74789 0.105263 0 2018-01-29 00:51:53 411
1517158314.412067480 4.73249 -3.59435 0.105263 0 2018-01-29 00:51:54 411
1517158315.412181252 4.73554 -3.51886 0.105263 0 2018-01-29 00:51:55 411
1517158316.412080696 4.70606 -3.30817 0.105263 0 2018-01-29 00:51:56 411
1517158317.412068006 4.72514 -3.12112 0.105263 0 2018-01-29 00:51:57 411
1517158318.412080057 4.74007 -2.96127 0.105263 0 2018-01-29 00:51:58 411
1517158319.412025960 4.74054 -2.92379 0.105263 0 2018-01-29 00:51:59 411
1517158320.412010093 4.73512 -2.7985 0.105263 0 2018-01-29 00:52:00 411
1517158321.412057769 4.65839 -2.61453 0.105263 0 2018-01-29 00:52:01 411
1517158322.412014714 4.65397 -2.42668 0.105263 0 2018-01-29 00:52:02 411
1517158323.412060568 4.65174 -2.23414 0.105263 0 2018-01-29 00:52:03 411
1517158324.412078921 4.63546 -2.07717 0 0 2018-01-29 00:52:04 411
1517158325.412059044 4.57579 -2.01755 0 0 2018-01-29 00:52:05 411
1517158326.412065938 4.52882 -1.83071 0 0 2018-01-29 00:52:06 411
1517158327.412054602 4.4847 -1.64299 0 0 2018-01-29 00:52:07 411
1517158328.412684846 4.44461 -1.459 0.105263 0 2018-01-29 00:52:08 411
1517158329.412048963 4.38838 -1.25618 0.105263 0 2018-01-29 00:52:09 411
1517158330.412139662 4.32819 -1.0886 0.315789 0 2018-01-29 00:52:10 411
1517158331.412043636 4.21408 -0.93567 0.315789 0 2018-01-29 00:52:11 411
1517158332.412198191 4.06093 -0.824922 0.947368 0 2018-01-29 00:52:12 411
1517158333.412058050 3.83002 -0.786965 0.947368 0 2018-01-29 00:52:13 411
1517158334.412372816 3.66325 -0.800159 2.42105 0 2018-01-29 00:52:14 411
1517158335.412060640 3.47423 -0.894785 2.42105 0 2018-01-29 00:52:15 411
1517158336.412354989 3.3009 -0.891774 3.05263 0 2018-01-29 00:52:16 411
1517158337.412071772 3.24421 -0.880549 3.05263 0 2018-01-29 00:52:17 411
1517158338.412113823 3.06052 -0.83922 4.21053 0 2018-01-29 00:52:18 411
1517158339.412191136 2.99201 -0.821595 4.21053 0 2018-01-29 00:52:19 411
1517158340.412081257 3.04353 -0.817469 4.94737 0 2018-01-29 00:52:20 411
1517158341.412050181 3.04354 -0.81748 4.94737 0 2018-01-29 00:52:21 411
1517158342.412085930 3.03547 -0.814593 4.73684 0 2018-01-29 00:52:22 411
1517158343.412056365 2.89058 -0.776858 4.73684 0 2018-01-29 00:52:23 411
1517158344.412253316 2.73703 -0.755036 4.73684 0 2018-01-29 00:52:24 412
1517158345.412041924 2.57522 -0.730231 4.73684 0 2018-01-29 00:52:25 411
1517158346.412080850 2.57407 -0.730034 6 0 2018-01-29 00:52:26 411
1517158347.412055764 2.57411 -0.730037 6 0 2018-01-29 00:52:27 411
1517158348.412082086 2.57409 -0.730032 7.47368 0 2018-01-29 00:52:28 411
1517158349.412070959 2.57409 -0.730033 7.47368 0 2018-01-29 00:52:29 411
1517158350.412081811 2.48117 -0.713609 7.36842 0 2018-01-29 00:52:30 411
1517158351.412377307 2.33062 -0.683776 7.36842 0 2018-01-29 00:52:31 411
1517158352.412094558 2.33334 -0.717879 7.1579 0 2018-01-29 00:52:32 411
1517158353.412048013 2.26432 -0.706546 7.1579 0 2018-01-29 00:52:33 411
1517158354.412089492 2.15167 -0.690637 7.78947 0 2018-01-29 00:52:34 411
1517158355.412079979 1.98635 -0.662914 7.78947 0 2018-01-29 00:52:35 411
1517158356.412095363 1.98531 -0.662722 8.94737 0 2018-01-29 00:52:36 411
1517158357.412054861 1.9853 -0.662724 8.94737 0 2018-01-29 00:52:37 411
1517158358.412090870 1.98529 -0.662724 9.36842 0 2018-01-29 00:52:38 411
1517158359.412056826 1.91492 -0.648817 9.36842 0 2018-01-29 00:52:39 411
1517158360.412083200 1.75776 -0.612701 9.89474 0 2018-01-29 00:52:40 411
1517158361.412056447 1.75649 -0.612387 9.89474 0 2018-01-29 00:52:41 411
1517158362.412176313 1.75647 -0.61239 12.4211 0 2018-01-29 00:52:42 411
1517158363.412049037 1.65828 -0.594689 12.4211 0 2018-01-29 00:52:43 411
1517158364.412253905 1.57034 -0.610303 13.1579 0 2018-01-29 00:52:44 412
1517158365.412073190 1.57034 -0.610278 13.1579 0 2018-01-29 00:52:45 411
1517158366.412073939 1.57035 -0.610271 14.2105 0 2018-01-29 00:52:46 411
1517158367.412046196 1.57027 -0.610267 14.2105 0 2018-01-29 00:52:47 411
1517158368.412070747 1.42326 -0.622848 13.4737 0 2018-01-29 00:52:48 411
1517158369.412083996 1.39803 -0.628321 13.4737 0 2018-01-29 00:52:49 411
1517158370.412015472 1.23613 -0.660033 9.05263 0 2018-01-29 00:52:50 411
1517158371.412530451 1.15046 -0.676042 9.05263 0 2018-01-29 00:52:51 412
1517158372.412365883 1.1504 -0.676046 4.94737 0 2018-01-29 00:52:52 412
1517158373.412376840 1.15038 -0.676046 4.94737 0 2018-01-29 00:52:53 412
1517158374.412468059 1.07838 -0.688465 3.26316 0 2018-01-29 00:52:54 412
1517158375.412347346 0.892576 -0.714539 3.26316 0 2018-01-29 00:52:55 412
1517158376.412648154 0.935447 -0.733832 2.52632 0 2018-01-29 00:52:56 412
1517158377.412291549 0.891072 -0.739127 2.52632 0 2018-01-29 00:52:57 412
1517158378.412236463 0.702997 -0.756257 2.10526 0 2018-01-29 00:52:58 411
1517158379.412348724 0.620553 -0.760497 2.10526 0 2018-01-29 00:52:59 412
1517158380.412587291 0.620575 -0.760508 1.15789 0 2018-01-29 00:53:00 412
1517158381.412489703 0.620545 -0.760513 1.15789 0 2018-01-29 00:53:01 412
1517158382.412402376 0.464342 -0.768891 1.05263 0 2018-01-29 00:53:02 412
1517158383.412635891 0.276066 -0.77226 1.05263 0 2018-01-29 00:53:03 412
1517158384.412046260 0.102409 -0.773408 1.47368 0 2018-01-29 00:53:04 411
1517158385.412379204 -0.0901314 -0.759983 1.47368 0 2018-01-29 00:53:05 412
1517158386.412380212 -0.280978 -0.744422 0.947368 0 2018-01-29 00:53:06 412
1517158387.412419034 -0.467721 -0.725034 0.947368 0 2018-01-29 00:53:07 412
1517158388.412402595 -0.662975 -0.713321 0.947368 0 2018-01-29 00:53:08 412
1517158389.412360113 -0.787572 -0.689519 0.947368 0 2018-01-29 00:53:09 412
1517158390.412510708 -0.960405 -0.645008 0.947368 0 2018-01-29 00:53:10 412
1517158391.412382912 -1.11809 -0.581279 0.947368 0 2018-01-29 00:53:11 412
1517158392.412367670 -1.26838 -0.479722 0.421053 0 2018-01-29 00:53:12 412
1517158393.412337480 -1.427 -0.381093 0.421053 0 2018-01-29 00:53:13 412
1517158394.412372396 -1.58156 -0.275508 0.315789 0 2018-01-29 00:53:14 412
1517158395.412697631 -1.7265 -0.179926 0.315789 0 2018-01-29 00:53:15 412
1517158396.412369621 -1.91386 -0.129335 0.421053 0 2018-01-29 00:53:16 412
1517158397.411979786 -2.08156 -0.0741502 0.421053 0 2018-01-29 00:53:17 411
1517158398.412397629 -2.21795 0.0293869 0.315789 0 2018-01-29 00:53:18 412
1517158399.412388845 -2.29682 0.187676 0.315789 0 2018-01-29 00:53:19 412
1517158400.412381260 -2.31047 0.381178 0.315789 0 2018-01-29 00:53:20 412
1517158401.412256692 -2.23469 0.56919 0.315789 0 2018-01-29 00:53:21 412
1517158402.412393486 -2.07799 0.694779 0.210526 0 2018-01-29 00:53:22 412
1517158403.412391005 -1.8938 0.754383 0.210526 0 2018-01-29 00:53:23 412
1517158404.412380451 -1.66355 0.709871 0.210526 0 2018-01-29 00:53:24 412
1517158405.412403908 -1.50308 0.609637 0.210526 0 2018-01-29 00:53:25 412
1517158406.412093971 -1.4156 0.422116 0.105263 0 2018-01-29 00:53:26 411
1517158407.412204722 -1.37946 0.266658 0.105263 0 2018-01-29 00:53:27 412
1517158408.412019163 -1.35455 0.0735916 0.105263 0 2018-01-29 00:53:28 411
1517158409.412057986 -1.33833 -0.11343 0.105263 0 2018-01-29 00:53:29 411
1517158410.412159778 -1.24755 -0.28526 0.315789 0 2018-01-29 00:53:30 411
1517158411.412702206 -1.11333 -0.417419 0.315789 0 2018-01-29 00:53:31 412
1517158412.412453625 -0.868699 -0.466738 0.421053 0 2018-01-29 00:53:32 411
1517158413.412065614 -0.67449 -0.482222 0.421053 0 2018-01-29 00:53:33 411
1517158414.412241679 -0.498973 -0.370776 0.421053 0 2018-01-29 00:53:34 412
1517158415.412065235 -0.339681 -0.261698 0.421053 0 2018-01-29 00:53:35 411
1517158416.412078692 -0.214972 -0.14175 0.736842 0 2018-01-29 00:53:36 411
1517158417.412320853 -0.170093 -0.018202 0.736842 0 2018-01-29 00:53:37 411
1517158418.412085918 -0.170078 -0.0182784 0.526316 0 2018-01-29 00:53:38 411
1517158419.412060884 -0.170055 -0.018283 0.526316 0 2018-01-29 00:53:39 411
1517158420.412084810 -0.170055 -0.01829 0.315789 0 2018-01-29 00:53:40 411
1517158421.412050974 -0.170059 -0.018295 0.315789 0 2018-01-29 00:53:41 411
1517158422.412097088 -0.170057 -0.018294 0.315789 0 2018-01-29 00:53:42 411
1517158423.412067263 -0.170058 -0.0182954 0.315789 0 2018-01-29 00:53:43 411
1517158424.412080719 -0.170058 -0.0182953 0.631579 0 2018-01-29 00:53:44 411
1517158425.412053707 -0.170058 -0.0182951 0.631579 0 2018-01-29 00:53:45 411
1517158426.412106591 -0.170058 -0.0182952 0.842105 0 2018-01-29 00:53:46 411
1517158427.412209530 -0.170058 -0.0182952 0.842105 0 2018-01-29 00:53:47 411
1517158428.412095744 -0.170058 -0.0182952 0.736842 0 2018-01-29 00:53:48 411
1517158429.412051960 -0.170058 -0.0182952 0.736842 0 2018-01-29 00:53:49 411
1517158430.412277089 -0.170058 -0.0182952 0.526316 0 2018-01-29 00:53:50 411
1517158431.412057206 -0.170058 -0.0182952 0.526316 0 2018-01-29 00:53:51 411
1517158432.412135248 -0.170058 -0.0182952 0.631579 0 2018-01-29 00:53:52 411
1517158433.412055057 -0.170058 -0.0182952 0.631579 0 2018-01-29 00:53:53 411
1517158434.412082993 -0.170058 -0.0182952 0.736842 0 2018-01-29 00:53:54 411
1517158435.412069991 -0.170058 -0.0182952 0.736842 0 2018-01-29 00:53:55 411
1517158436.412071104 -0.170058 -0.0182952 0.736842 0 2018-01-29 00:53:56 411
1517158437.412053310 -0.159393 -0.00835098 0.736842 0 2018-01-29 00:53:57 411
1517158438.412086142 -0.0288572 0.106632 0.315789 0 2018-01-29 00:53:58 411
1517158439.412065223 0.0135644 0.142556 0.315789 0 2018-01-29 00:53:59 411
1517158440.412026804 0.0540085 0.176185 0.315789 0 2018-01-29 00:54:00 411
1517158441.412029479 0.196264 0.290389 0.315789 0 2018-01-29 00:54:01 411
1517158442.412080176 0.305377 0.39011 0.526316 0 2018-01-29 00:54:02 411
1517158443.412039934 0.467288 0.42183 0.526316 0 2018-01-29 00:54:03 411
1517158444.412094746 0.651606 0.393841 0.526316 0 2018-01-29 00:54:04 411
1517158445.412054764 0.824277 0.246662 0.526316 0 2018-01-29 00:54:05 411
1517158446.412089419 0.834973 0.235153 0.421053 0 2018-01-29 00:54:06 411
1517158447.412049177 0.836088 0.234158 0.421053 0 2018-01-29 00:54:07 411
1517158448.412065603 0.878311 0.18568 0.421053 0 2018-01-29 00:54:08 411
1517158449.412131144 0.865886 0.176173 0.421053 0 2018-01-29 00:54:09 411
1517158450.412151112 0.865895 0.176177 1.15789 0 2018-01-29 00:54:10 412
1517158451.412058993 0.93569 0.0804709 1.15789 0 2018-01-29 00:54:11 411
1517158452.412074273 0.974285 0.0260173 2.10526 0 2018-01-29 00:54:12 411
1517158453.412070958 0.974281 0.0260355 2.10526 0 2018-01-29 00:54:13 411
1517158454.412278274 0.974297 0.0260153 5.68421 0 2018-01-29 00:54:14 411
1517158455.412053652 0.974294 0.0260206 5.68421 0 2018-01-29 00:54:15 411
1517158456.412172320 0.998675 -0.00978008 7.78947 0 2018-01-29 00:54:16 411
1517158457.412053065 1.07102 -0.122771 7.78947 0 2018-01-29 00:54:17 411
1517158458.412132409 1.07102 -0.122765 43.1579 0 2018-01-29 00:54:18 411
1517158459.412102063 1.07103 -0.122771 43.1579 0 2018-01-29 00:54:19 411
1517158460.412105207 1.07103 -0.122768 38.4211 0 2018-01-29 00:54:20 411
1517158461.412419088 1.07103 -0.122767 38.4211 0 2018-01-29 00:54:21 412
1517158462.412047848 1.07103 -0.122768 40.4211 0 2018-01-29 00:54:22 411
1517158463.412051721 1.07109 -0.122861 40.4211 0 2018-01-29 00:54:23 411
1517158464.412099710 1.10628 -0.179742 38.9474 0 2018-01-29 00:54:24 411
1517158465.412039311 1.10628 -0.179741 38.9474 0 2018-01-29 00:54:25 411
1517158466.412079696 1.10628 -0.179741 40.8421 0 2018-01-29 00:54:26 411
1517158467.412088882 1.10628 -0.179739 40.8421 0 2018-01-29 00:54:27 411
1517158468.412063379 1.12521 -0.212423 42.1053 0 2018-01-29 00:54:28 411
1517158469.412056210 1.18279 -0.368551 42.1053 0 2018-01-29 00:54:29 411
1517158470.412088678 1.18282 -0.368942 40.4211 0 2018-01-29 00:54:30 411
1517158471.412056509 1.18284 -0.36892 40.4211 0 2018-01-29 00:54:31 411
1517158472.412131061 1.18356 -0.372473 36.2105 0 2018-01-29 00:54:32 411
1517158473.412045870 1.19077 -0.550323 36.2105 0 2018-01-29 00:54:33 411
1517158474.412068702 1.17512 -0.608856 34.6316 0 2018-01-29 00:54:34 411
1517158475.412062002 1.17518 -0.608871 34.6316 0 2018-01-29 00:54:35 411
1517158476.412081865 1.1752 -0.608868 27.2632 0 2018-01-29 00:54:36 411
1517158477.411976986 1.1752 -0.608872 27.2632 0 2018-01-29 00:54:37 411
1517158478.412074403 1.1752 -0.608873 21.8947 0 2018-01-29 00:54:38 411
1517158479.412049578 1.1752 -0.608871 21.8947 0 2018-01-29 00:54:39 411
1517158480.412082879 1.14633 -0.685481 21.2632 0 2018-01-29 00:54:40 411
1517158481.412154254 1.03779 -0.836279 21.2632 0 2018-01-29 00:54:41 412
1517158482.412076667 1.03432 -0.835823 3.15789 0 2018-01-29 00:54:42 411
1517158483.412055227 1.03434 -0.83588 3.15789 0 2018-01-29 00:54:43 411
1517158484.412093945 1.03433 -0.835908 1.92982 0 2018-01-29 00:54:44 411
1517158485.412209487 0.998724 -0.863489 1.92982 0 2018-01-29 00:54:45 412
1517158486.412092264 0.850864 -0.972941 1.47368 0 2018-01-29 00:54:46 411
1517158487.412059886 0.691164 -1.0822 1.47368 0 2018-01-29 00:54:47 411
1517158488.412075843 0.540946 -1.17358 1.05263 0 2018-01-29 00:54:48 411
1517158489.412032007 0.34856 -1.23089 1.05263 0 2018-01-29 00:54:49 411
1517158490.412082600 0.150163 -1.19798 0.526316 0 2018-01-29 00:54:50 411
1517158491.412029910 0.000104338 -1.08646 0.526316 0 2018-01-29 00:54:51 411
1517158492.412077169 -0.107669 -0.925861 0.631579 0 2018-01-29 00:54:52 411
1517158493.412234380 -0.130322 -0.733428 0.631579 0 2018-01-29 00:54:53 411
1517158494.412032154 -0.151585 -0.537821 0.526316 0 2018-01-29 00:54:54 411
1517158495.412043371 -0.164811 -0.350235 0.526316 0 2018-01-29 00:54:55 411
1517158496.412006254 -0.170904 -0.160373 1.05263 0 2018-01-29 00:54:56 411
1517158497.412056795 -0.201349 0.0259641 1.05263 0 2018-01-29 00:54:57 411
1517158498.412083846 -0.200306 0.213635 0.842105 0 2018-01-29 00:54:58 411
1517158499.412048500 -0.196009 0.409042 0.842105 0 2018-01-29 00:54:59 411
1517158500.412201075 -0.17826 0.581556 0.947368 0 2018-01-29 00:55:00 411
1517158501.412069997 -0.158897 0.644348 0.947368 0 2018-01-29 00:55:01 411
1517158502.412130174 -0.145131 0.673172 0.526316 0 2018-01-29 00:55:02 412
1517158503.412050711 -0.0690283 0.777077 0.526316 0 2018-01-29 00:55:03 411
1517158504.412071929 -0.0190619 0.817454 0.421053 0 2018-01-29 00:55:04 411
1517158505.412227316 0.130249 0.930135 0.421053 0 2018-01-29 00:55:05 412
1517158506.412122385 0.29869 0.998302 0.315789 0 2018-01-29 00:55:06 412
1517158507.412129019 0.487242 1.00218 0.315789 0 2018-01-29 00:55:07 411
1517158508.412076640 0.674749 0.884794 0.315789 0 2018-01-29 00:55:08 411
1517158509.412012752 0.805178 0.741336 0.315789 0 2018-01-29 00:55:09 411
1517158510.412141420 0.855079 0.540968 0.526316 0 2018-01-29 00:55:10 411
1517158511.412000446 0.839243 0.352694 0.526316 0 2018-01-29 00:55:11 411
1517158512.412106197 0.818023 0.290642 0.631579 0 2018-01-29 00:55:12 411
1517158513.412356274 0.818194 0.290648 0.631579 0 2018-01-29 00:55:13 412
1517158514.412079723 0.818241 0.290654 0.842105 0 2018-01-29 00:55:14 411
1517158515.412056252 0.796777 0.244645 0.842105 0 2018-01-29 00:55:15 411
1517158516.412100387 0.733355 0.114931 1.36842 0 2018-01-29 00:55:16 411
1517158517.412058895 0.733389 0.114964 1.36842 0 2018-01-29 00:55:17 411
1517158518.412077612 0.733388 0.114952 1.68421 0 2018-01-29 00:55:18 411
1517158519.412059193 0.732347 0.112901 1.68421 0 2018-01-29 00:55:19 411
1517158520.412111505 0.653754 -0.0356488 1.78947 0 2018-01-29 00:55:20 411
1517158521.412047460 0.636502 -0.0659438 1.78947 0 2018-01-29 00:55:21 411
1517158522.412087740 0.636503 -0.065954 32.1053 0 2018-01-29 00:55:22 411
1517158523.412093645 0.636506 -0.0659515 32.1053 0 2018-01-29 00:55:23 411
1517158524.412128457 0.636506 -0.0659541 29.6491 0 2018-01-29 00:55:24 412
1517158525.412041234 0.63584 -0.067123 29.6491 0 2018-01-29 00:55:25 411
1517158526.412088285 0.563239 -0.186469 29.4737 0 2018-01-29 00:55:26 411
1517158527.412206901 0.583814 -0.183807 29.4737 0 2018-01-29 00:55:27 411
1517158528.412087542 0.583816 -0.183808 148.947 0 2018-01-29 00:55:28 411
1517158529.412185324 0.583816 -0.183809 148.947 0 2018-01-29 00:55:29 411
1517158530.412085393 0.583815 -0.18381 145 0 2018-01-29 00:55:30 411
1517158531.412064578 0.583816 -0.18381 145 0 2018-01-29 00:55:31 411
1517158532.412197986 0.55397 -0.231483 154.737 0 2018-01-29 00:55:32 411
1517158533.412184306 0.522682 -0.2849 154.737 0 2018-01-29 00:55:33 411
1517158534.412103230 0.519507 -0.291138 174.316 0 2018-01-29 00:55:34 411
1517158535.412088092 0.5195 -0.291139 174.316 0 2018-01-29 00:55:35 411
1517158536.412078475 0.519499 -0.291137 195.895 0 2018-01-29 00:55:36 411
1517158537.412175580 0.519499 -0.291136 195.895 0 2018-01-29 00:55:37 411
1517158538.412100962 0.519499 -0.291136 217.579 0 2018-01-29 00:55:38 411
1517158539.412051136 0.519499 -0.291136 217.579 0 2018-01-29 00:55:39 411
1517158540.412075426 0.519499 -0.291136 218.316 0 2018-01-29 00:55:40 411
1517158541.412144978 0.519499 -0.291136 218.316 0 2018-01-29 00:55:41 411
1517158542.412090725 0.492054 -0.351811 219.263 0 2018-01-29 00:55:42 411
1517158543.412166580 0.491972 -0.352004 219.263 0 2018-01-29 00:55:43 411
1517158544.412087430 0.491969 -0.352006 224.632 0 2018-01-29 00:55:44 411
1517158545.412190056 0.491969 -0.352004 224.632 0 2018-01-29 00:55:45 411
1517158546.412010487 0.491969 -0.352004 228.632 0 2018-01-29 00:55:46 411
1517158547.412063841 0.484662 -0.369767 228.632 0 2018-01-29 00:55:47 411
1517158548.412340377 0.465178 -0.414961 238 0 2018-01-29 00:55:48 411
1517158549.412227008 0.465178 -0.414962 238 0 2018-01-29 00:55:49 411
1517158550.412064679 0.46518 -0.414958 70 0 2018-01-29 00:55:50 411
1517158551.412179701 0.44289 -0.474291 70 0 2018-01-29 00:55:51 411
1517158552.412088103 0.442049 -0.476846 31.0526 0 2018-01-29 00:55:52 411
1517158553.412140207 0.442049 -0.476835 31.0526 0 2018-01-29 00:55:53 411
1517158554.413120459 0.442045 -0.476843 16.1404 0 2018-01-29 00:55:54 412
1517158555.412063576 0.442046 -0.47684 16.1404 0 2018-01-29 00:55:55 411
1517158556.412098284 0.424432 -0.528084 13.8947 0 2018-01-29 00:55:56 411
1517158557.412119553 0.41922 -0.542578 13.8947 0 2018-01-29 00:55:57 412
1517158558.412124624 0.419223 -0.542573 8.94737 0 2018-01-29 00:55:58 411
1517158559.411997401 0.419223 -0.542574 8.94737 0 2018-01-29 00:55:59 411
1517158560.412443212 0.419223 -0.542574 6.21053 0 2018-01-29 00:56:00 412
1517158561.412055721 0.406516 -0.578097 6.21053 0 2018-01-29 00:56:01 411
1517158562.412069959 0.35813 -0.705137 3.78947 0 2018-01-29 00:56:02 411
1517158563.412057791 0.357779 -0.706037 3.78947 0 2018-01-29 00:56:03 411
1517158564.412099113 0.357785 -0.706027 3.57895 0 2018-01-29 00:56:04 411
1517158565.412195957 0.357779 -0.706042 3.57895 0 2018-01-29 00:56:05 411
1517158566.412077015 0.340043 -0.750896 2.31579 0 2018-01-29 00:56:06 411
1517158567.412051096 0.275536 -0.911285 2.31579 0 2018-01-29 00:56:07 411
1517158568.412143982 0.266107 -1.11054 1.26316 0 2018-01-29 00:56:08 412
1517158569.412045196 0.293605 -1.30157 1.26316 0 2018-01-29 00:56:09 411
1517158570.412573093 0.409687 -1.4422 0.736842 0 2018-01-29 00:56:10 412
1517158571.412052474 0.369185 -1.38828 0.736842 0 2018-01-29 00:56:11 411
1517158572.412097755 0.334146 -1.34208 0.526316 0 2018-01-29 00:56:12 411
1517158573.412050845 0.476046 -1.45165 0.526316 0 2018-01-29 00:56:13 411
1517158574.412112168 0.632597 -1.4846 0.210526 0 2018-01-29 00:56:14 411
1517158575.412293390 0.823988 -1.48676 0.210526 0 2018-01-29 00:56:15 412
1517158576.412326222 1.00433 -1.42936 0.105263 0 2018-01-29 00:56:16 412
1517158577.412076391 1.16568 -1.25292 0.105263 0 2018-01-29 00:56:17 411
1517158578.412096775 1.26941 -1.09398 0.105263 0 2018-01-29 00:56:18 411
1517158579.412048095 1.25673 -0.872229 0.105263 0 2018-01-29 00:56:19 411
1517158580.412261192 1.24559 -0.745184 0.210526 0 2018-01-29 00:56:20 412
1517158581.412070113 1.24581 -0.745279 0.210526 0 2018-01-29 00:56:21 411
1517158582.412068830 1.23154 -0.650421 1.05263 0 2018-01-29 00:56:22 411
1517158583.412070724 1.20484 -0.45799 1.05263 0 2018-01-29 00:56:23 411
1517158584.412206475 1.18559 -0.285713 31.5789 0 2018-01-29 00:56:24 412
1517158585.412050188 1.15003 -0.295774 31.5789 0 2018-01-29 00:56:25 411
1517158586.412200940 1.15004 -0.295828 46.1404 0 2018-01-29 00:56:26 411
1517158587.412063456 1.15003 -0.295792 46.1404 0 2018-01-29 00:56:27 411
1517158588.412082121 1.15003 -0.295791 48.4211 0 2018-01-29 00:56:28 411
1517158589.412049379 1.14018 -0.189706 48.4211 0 2018-01-29 00:56:29 411
1517158590.412072159 1.13522 -0.117487 51.1579 0 2018-01-29 00:56:30 411
1517158591.412052177 1.13521 -0.117501 51.1579 0 2018-01-29 00:56:31 411
1517158592.412092666 1.13521 -0.117495 51.4737 0 2018-01-29 00:56:32 411
1517158593.412057320 1.13521 -0.117498 51.4737 0 2018-01-29 00:56:33 411
1517158594.412098798 1.13511 -0.115948 50.1053 0 2018-01-29 00:56:34 411
1517158595.412053608 1.12657 0.0551433 50.1053 0 2018-01-29 00:56:35 411
1517158596.412301810 1.1235 0.197301 47.5789 0 2018-01-29 00:56:36 412
1517158597.412070000 1.12349 0.197307 47.5789 0 2018-01-29 00:56:37 411
1517158598.412070280 1.12349 0.197313 3.15789 0 2018-01-29 00:56:38 411
1517158599.412066132 1.12349 0.197306 3.15789 0 2018-01-29 00:56:39 411
1517158600.412096621 1.12349 0.197308 2.89474 0 2018-01-29 00:56:40 411
1517158601.412017992 1.12348 0.197374 2.89474 0 2018-01-29 00:56:41 411
1517158602.412148535 1.1238 0.346732 2.63158 0 2018-01-29 00:56:42 411
1517158603.412066469 1.11 0.413723 2.63158 0 2018-01-29 00:56:43 411
1517158604.412104926 1.11 0.413719 2.21053 0 2018-01-29 00:56:44 411
1517158605.412046246 1.10999 0.413714 2.21053 0 2018-01-29 00:56:45 411
1517158606.412071265 1.11334 0.470248 2 0 2018-01-29 00:56:46 411
1517158607.412065191 1.12171 0.575689 2 0 2018-01-29 00:56:47 411
1517158608.412047709 1.1217 0.5757 1.26316 0 2018-01-29 00:56:48 411
1517158609.412065749 1.1217 0.575693 1.26316 0 2018-01-29 00:56:49 412
1517158610.412082331 1.12185 0.577419 0.947368 0 2018-01-29 00:56:50 411
1517158611.412051464 1.13788 0.744775 0.947368 0 2018-01-29 00:56:51 411
1517158612.412085547 1.1594 0.88379 0.842105 0 2018-01-29 00:56:52 411
1517158613.412067128 1.23821 1.05524 0.842105 0 2018-01-29 00:56:53 411
1517158614.412081835 1.23944 1.03335 0.421053 0 2018-01-29 00:56:54 411
1517158615.412178731 1.16672 0.945203 0.421053 0 2018-01-29 00:56:55 412
1517158616.412268336 1.27725 1.04934 0.210526 0 2018-01-29 00:56:56 411
1517158617.412108351 1.45488 1.12829 0.210526 0 2018-01-29 00:56:57 411
1517158618.412097380 1.66357 1.10059 0.421053 0 2018-01-29 00:56:58 411
1517158619.412123806 1.84073 1.02472 0.421053 0 2018-01-29 00:56:59 411
1517158620.412124189 1.95236 0.847978 0.842105 0 2018-01-29 00:57:00 412
1517158621.412120927 2.0112 0.662741 0.842105 0 2018-01-29 00:57:01 411
1517158622.412227043 1.99129 0.594661 0.842105 0 2018-01-29 00:57:02 411
1517158623.412125444 1.99144 0.59472 0.842105 0 2018-01-29 00:57:03 411
1517158624.412084733 1.99148 0.594748 0.947368 0 2018-01-29 00:57:04 411
1517158625.412043553 1.99149 0.594759 0.947368 0 2018-01-29 00:57:05 411
1517158626.412089251 1.99149 0.594758 1.68421 0 2018-01-29 00:57:06 411
1517158627.412067290 1.99149 0.594759 1.68421 0 2018-01-29 00:57:07 411
1517158628.412177155 1.99125 0.587465 1.78947 0 2018-01-29 00:57:08 412
1517158629.411991180 1.98375 0.424456 1.78947 0 2018-01-29 00:57:09 411
1517158630.412104848 1.97842 0.351334 3.26316 0 2018-01-29 00:57:10 411
1517158631.412058824 1.97843 0.35135 3.26316 0 2018-01-29 00:57:11 411
1517158632.412070875 1.97843 0.351345 7.1579 0 2018-01-29 00:57:12 411
1517158633.411997142 1.97843 0.351348 7.1579 0 2018-01-29 00:57:13 411
1517158634.412091903 1.97784 0.343811 11.6842 0 2018-01-29 00:57:14 411
1517158635.412241092 1.95998 0.167003 11.6842 0 2018-01-29 00:57:15 411
1517158636.412079336 1.9503 0.0928451 12.3158 0 2018-01-29 00:57:16 411
1517158637.412080397 1.94729 0.0967184 12.3158 0 2018-01-29 00:57:17 411
1517158638.412099479 1.94729 0.0966834 10.8421 0 2018-01-29 00:57:18 411
1517158639.412063351 1.94729 0.0966936 10.8421 0 2018-01-29 00:57:19 411
1517158640.412077225 1.94729 0.0966836 10.6316 0 2018-01-29 00:57:20 411
1517158641.412055785 1.94729 0.0966842 10.6316 0 2018-01-29 00:57:21 411
1517158642.412081326 1.94673 0.0926238 9.47368 0 2018-01-29 00:57:22 411
1517158643.412051604 1.92161 -0.0785917 9.47368 0 2018-01-29 00:57:23 411
1517158644.412134646 1.91174 -0.134985 9.26316 0 2018-01-29 00:57:24 411
1517158645.412036798 1.91174 -0.134991 9.26316 0 2018-01-29 00:57:25 411
1517158646.412179113 1.91175 -0.134991 11.5789 0 2018-01-29 00:57:26 411
1517158647.412049337 1.91175 -0.134987 11.5789 0 2018-01-29 00:57:27 411
1517158648.412144046 1.91175 -0.134984 12.9474 0 2018-01-29 00:57:28 411
1517158649.412071563 1.91175 -0.134989 12.9474 0 2018-01-29 00:57:29 411
1517158650.412100801 1.91175 -0.134989 14.4211 0 2018-01-29 00:57:30 411
1517158651.412051965 1.91175 -0.134989 14.4211 0 2018-01-29 00:57:31 411
1517158652.412086360 1.90555 -0.168685 13.8947 0 2018-01-29 00:57:32 411
1517158653.412047472 1.89985 -0.197465 13.8947 0 2018-01-29 00:57:33 411
1517158654.412214734 1.89985 -0.197468 16 0 2018-01-29 00:57:34 412
1517158655.412196368 1.87319 -0.321455 16 0 2018-01-29 00:57:35 411
1517158656.412081227 1.86164 -0.370276 13.7895 0 2018-01-29 00:57:36 411
1517158657.412056454 1.86165 -0.37027 13.7895 0 2018-01-29 00:57:37 411
1517158658.412168820 1.86165 -0.370268 13.7895 0 2018-01-29 00:57:38 411
1517158659.412278477 1.84301 -0.441883 13.7895 0 2018-01-29 00:57:39 411
1517158660.412056563 1.79163 -0.620612 13.5789 0 2018-01-29 00:57:40 411
1517158661.412211118 1.76518 -0.802322 13.5789 0 2018-01-29 00:57:41 411
1517158662.412081654 1.74867 -0.986998 13.8947 0 2018-01-29 00:57:42 411
1517158663.412075215 1.79179 -1.17427 13.8947 0 2018-01-29 00:57:43 411
1517158664.412077734 1.94563 -1.32397 8 0 2018-01-29 00:57:44 411
1517158665.412033429 1.93302 -1.31209 8 0 2018-01-29 00:57:45 411
1517158666.412087824 1.80294 -1.19293 2.31579 0 2018-01-29 00:57:46 411
1517158667.412052009 1.69182 -1.0983 2.31579 0 2018-01-29 00:57:47 411
1517158668.412010100 1.75061 -1.14043 0.421053 0 2018-01-29 00:57:48 411
1517158669.412053557 1.92637 -1.21906 0.421053 0 2018-01-29 00:57:49 411
1517158670.412140141 2.11061 -1.20706 0.315789 0 2018-01-29 00:57:50 411
1517158671.412623870 2.30061 -1.15852 0.315789 0 2018-01-29 00:57:51 412
1517158672.412100387 2.47908 -0.980302 0.842105 0 2018-01-29 00:57:52 411
1517158673.412055925 2.59249 -0.829686 0.842105 0 2018-01-29 00:57:53 411
1517158674.412085268 2.56348 -0.717941 3.26316 0 2018-01-29 00:57:54 411
1517158675.412068307 2.56366 -0.717973 3.26316 0 2018-01-29 00:57:55 411
1517158676.412169058 2.56369 -0.718045 4.21053 0 2018-01-29 00:57:56 411
1517158677.412062824 2.56371 -0.718027 4.21053 0 2018-01-29 00:57:57 411
1517158678.412087115 2.56371 -0.718031 7.47368 0 2018-01-29 00:57:58 411
1517158679.412054060 2.59459 -0.615878 7.47368 0 2018-01-29 00:57:59 411
1517158680.412071059 2.6325 -0.502349 7.36842 0 2018-01-29 00:58:00 411
1517158681.412065244 2.6325 -0.502347 7.36842 0 2018-01-29 00:58:01 411
1517158682.412290998 2.6325 -0.502345 7.36842 0 2018-01-29 00:58:02 412
1517158683.412054657 2.6325 -0.502343 7.36842 0 2018-01-29 00:58:03 411
1517158684.412110303 2.67421 -0.379241 6.73684 0 2018-01-29 00:58:04 411
1517158685.412062716 2.73284 -0.22446 6.73684 0 2018-01-29 00:58:05 411
1517158686.412070496 2.73325 -0.223413 8 0 2018-01-29 00:58:06 411
1517158687.412191664 2.73324 -0.223429 8 0 2018-01-29 00:58:07 411
1517158688.412094232 2.73325 -0.223403 7.89474 0 2018-01-29 00:58:08 411
1517158689.412073418 2.73325 -0.223405 7.89474 0 2018-01-29 00:58:09 411
1517158690.412070624 2.75206 -0.174491 6.52632 0 2018-01-29 00:58:10 411
1517158691.412051632 2.8196 -0.0106736 6.52632 0 2018-01-29 00:58:11 411
1517158692.412082225 2.81451 -0.00538691 6.63158 0 2018-01-29 00:58:12 411
1517158693.412124380 2.81451 -0.00537483 6.63158 0 2018-01-29 00:58:13 411
1517158694.412135858 2.81593 -0.00246492 6.10526 0 2018-01-29 00:58:14 411
1517158695.412054000 2.875 0.162119 6.10526 0 2018-01-29 00:58:15 411
1517158696.412087510 2.90965 0.29684 6.21053 0 2018-01-29 00:58:16 411
1517158697.412065288 2.9096 0.296593 6.21053 0 2018-01-29 00:58:17 411
1517158698.412081870 2.90961 0.296575 7.26316 0 2018-01-29 00:58:18 411
1517158699.412051055 2.92315 0.346623 7.26316 0 2018-01-29 00:58:19 411
1517158700.412086804 2.96292 0.482471 7.36842 0 2018-01-29 00:58:20 411
1517158701.412054427 2.96291 0.482463 7.36842 0 2018-01-29 00:58:21 411
1517158702.412072832 2.96291 0.482469 6.63158 0 2018-01-29 00:58:22 411
1517158703.412212542 2.96291 0.482469 6.63158 0 2018-01-29 00:58:23 412
1517158704.412102975 2.96291 0.482471 5.68421 0 2018-01-29 00:58:24 411
1517158705.412055909 2.96541 0.490673 5.68421 0 2018-01-29 00:58:25 411
1517158706.412089106 3.01402 0.6408 5.26316 0 2018-01-29 00:58:26 411
1517158707.412107407 2.97912 0.653729 5.26316 0 2018-01-29 00:58:27 412
1517158708.412072425 2.97911 0.653727 5.47368 0 2018-01-29 00:58:28 411
1517158709.412049110 2.97911 0.653724 5.47368 0 2018-01-29 00:58:29 411
1517158710.412084234 2.98216 0.662883 5.05263 0 2018-01-29 00:58:30 411
1517158711.412060555 3.04186 0.832238 5.05263 0 2018-01-29 00:58:31 411
1517158712.412052084 3.07186 0.910739 4.42105 0 2018-01-29 00:58:32 411
1517158713.412123094 3.07185 0.910742 4.42105 0 2018-01-29 00:58:33 412
1517158714.412091446 3.07185 0.910746 3.47368 0 2018-01-29 00:58:34 411
1517158715.412171102 3.08291 0.940816 3.47368 0 2018-01-29 00:58:35 411
1517158716.412088932 3.12184 1.13072 2.31579 0 2018-01-29 00:58:36 411
1517158717.412060929 3.10734 1.29408 2.31579 0 2018-01-29 00:58:37 411
1517158718.412080324 3.06436 1.25303 1.47368 0 2018-01-29 00:58:38 411
1517158719.412043988 3.10064 1.13209 1.47368 0 2018-01-29 00:58:39 411
1517158720.412074007 3.02663 1.26942 1.05263 0 2018-01-29 00:58:40 411
1517158721.412162727 2.89181 1.40596 1.05263 0 2018-01-29 00:58:41 411
1517158722.412019825 2.70472 1.45474 0.315789 0 2018-01-29 00:58:42 411
1517158723.412036199 2.66368 1.46356 0.315789 0 2018-01-29 00:58:43 411
1517158724.412096063 2.82434 1.44311 0.421053 0 2018-01-29 00:58:44 411
1517158725.412060769 2.85298 1.43897 0.421053 0 2018-01-29 00:58:45 411
1517158726.412081622 2.67626 1.41229 0.421053 0 2018-01-29 00:58:46 411
1517158727.412048359 2.55658 1.30277 0.421053 0 2018-01-29 00:58:47 411
1517158728.412091243 2.41427 1.17193 0.421053 0 2018-01-29 00:58:48 411
1517158729.412279028 2.34849 0.958079 0.421053 0 2018-01-29 00:58:49 411
1517158730.412077062 2.32593 0.754795 0.421053 0 2018-01-29 00:58:50 411
1517158731.412101197 2.3466 0.610592 0.421053 0 2018-01-29 00:58:51 411
1517158732.412157467 2.46214 0.43084 1.78947 0 2018-01-29 00:58:52 411
1517158733.412060036 2.49854 0.309736 1.78947 0 2018-01-29 00:58:53 411
1517158734.412171881 2.49846 0.309807 5.36842 0 2018-01-29 00:58:54 411
1517158735.412064970 2.49846 0.309743 5.36842 0 2018-01-29 00:58:55 411
1517158736.412203690 2.49845 0.309746 7.1579 0 2018-01-29 00:58:56 412
1517158737.412221939 2.49845 0.309752 7.1579 0 2018-01-29 00:58:57 411
1517158738.412260969 2.49845 0.30975 8.31579 0 2018-01-29 00:58:58 411
1517158739.412146454 2.49845 0.30975 8.31579 0 2018-01-29 00:58:59 411
1517158740.412080430 2.49845 0.30975 6.94737 0 2018-01-29 00:59:00 411
1517158741.412043104 2.5147 0.24695 6.94737 0 2018-01-29 00:59:01 411
1517158742.412071041 2.52058 0.217646 7.26316 0 2018-01-29 00:59:02 411
1517158743.412051632 2.54328 0.100496 7.26316 0 2018-01-29 00:59:03 411
1517158744.412670260 2.5433 0.100475 6.84211 0 2018-01-29 00:59:04 412
1517158745.412008596 2.5433 0.10048 6.84211 0 2018-01-29 00:59:05 411
1517158746.412147056 2.56627 -0.032147 7.1579 0 2018-01-29 00:59:06 411
1517158747.412058896 2.57422 -0.174093 7.1579 0 2018-01-29 00:59:07 411
1517158748.412289702 2.57662 -0.25651 6.52632 0 2018-01-29 00:59:08 412
1517158749.412060184 2.53172 -0.447498 6.52632 0 2018-01-29 00:59:09 411
1517158750.412014056 2.42465 -0.600019 7.89474 0 2018-01-29 00:59:10 411
1517158751.412045951 2.33729 -0.634519 7.89474 0 2018-01-29 00:59:11 411
1517158752.412321862 2.32035 -0.6421 8.63158 0 2018-01-29 00:59:12 411
1517158753.412052083 2.13939 -0.682603 8.63158 0 2018-01-29 00:59:13 411
1517158754.412083353 1.892 -0.632782 9.1579 0 2018-01-29 00:59:14 411
1517158755.412786619 1.73618 -0.526276 9.1579 0 2018-01-29 00:59:15 411
1517158756.412313136 1.68018 -0.36452 10.8421 0 2018-01-29 00:59:16 411
1517158757.412058617 1.63927 -0.290938 10.8421 0 2018-01-29 00:59:17 411
1517158758.412081918 1.6392 -0.291032 16 0 2018-01-29 00:59:18 411
1517158759.412070531 1.63918 -0.291057 16 0 2018-01-29 00:59:19 411
1517158760.412126957 1.63859 -0.289979 19.4737 0 2018-01-29 00:59:20 411
1517158761.412604957 1.6105 -0.237734 19.4737 0 2018-01-29 00:59:21 412
1517158762.412078557 1.56612 -0.15148 20.9474 0 2018-01-29 00:59:22 411
1517158763.412083993 1.48329 0.0210608 20.9474 0 2018-01-29 00:59:23 411
1517158764.412187868 1.42035 0.157694 22.4211 0 2018-01-29 00:59:24 411
1517158765.412292734 1.30291 0.323106 22.4211 0 2018-01-29 00:59:25 411
1517158766.412083789 1.15107 0.440858 21.7895 0 2018-01-29 00:59:26 411
1517158767.412358919 1.06397 0.478797 21.7895 0 2018-01-29 00:59:27 412
1517158768.412171277 1.04189 0.439669 2.36842 0 2018-01-29 00:59:28 412
1517158769.412056710 1.04193 0.439705 2.36842 0 2018-01-29 00:59:29 411
1517158770.412156003 0.898419 0.462759 1.71053 0 2018-01-29 00:59:30 411
1517158771.412062425 0.710576 0.445928 1.71053 0 2018-01-29 00:59:31 411
1517158772.412478861 0.532689 0.368519 1.15789 0 2018-01-29 00:59:32 411
1517158773.412056526 0.408975 0.175629 1.15789 0 2018-01-29 00:59:33 411
1517158774.412135662 0.343969 0.064123 0.947368 0 2018-01-29 00:59:34 411
1517158775.412052606 0.409005 0.107547 0.947368 0 2018-01-29 00:59:35 411
1517158776.412095438 0.467428 0.262148 1.36842 0 2018-01-29 00:59:36 411
1517158777.412059779 0.441789 0.145242 1.36842 0 2018-01-29 00:59:37 411
1517158778.412109227 0.443444 0.0129028 1.57895 0 2018-01-29 00:59:38 411
1517158779.412055546 0.44335 0.0129054 1.57895 0 2018-01-29 00:59:39 411
1517158780.412144422 0.443325 0.0129147 1.57895 0 2018-01-29 00:59:40 412
1517158781.412076002 0.449454 -0.028547 1.57895 0 2018-01-29 00:59:41 411
1517158782.412083052 0.473412 -0.213871 1.89474 0 2018-01-29 00:59:42 411
1517158783.412052758 0.466047 -0.230678 1.89474 0 2018-01-29 00:59:43 411
1517158784.412078663 0.466049 -0.230686 148.421 0 2018-01-29 00:59:44 411
1517158785.412001180 0.466049 -0.230682 148.421 0 2018-01-29 00:59:45 411
1517158786.412087399 0.466049 -0.230681 162.763 0 2018-01-29 00:59:46 411
1517158787.412062157 0.466049 -0.23068 162.763 0 2018-01-29 00:59:47 411
1517158788.412127178 0.466049 -0.23068 188.211 0 2018-01-29 00:59:48 412
1517158789.412057716 0.466049 -0.230679 188.211 0 2018-01-29 00:59:49 411
1517158790.412078985 0.466049 -0.23068 189.263 0 2018-01-29 00:59:50 411
1517158791.412144423 0.466049 -0.23068 189.263 0 2018-01-29 00:59:51 411
1517158792.412097566 0.47729 -0.293755 195.263 0 2018-01-29 00:59:52 411
1517158793.412043260 0.477279 -0.293752 195.263 0 2018-01-29 00:59:53 411
1517158794.412055780 0.477276 -0.293751 194.842 0 2018-01-29 00:59:54 411
1517158795.412060903 0.477275 -0.29375 194.842 0 2018-01-29 00:59:55 411
1517158796.412114621 0.504357 -0.416198 198.316 0 2018-01-29 00:59:56 411
1517158797.412070004 0.523014 -0.517058 198.316 0 2018-01-29 00:59:57 411
1517158798.412090440 0.523022 -0.517053 52.6316 0 2018-01-29 00:59:58 411
1517158799.412059364 0.523022 -0.517043 52.6316 0 2018-01-29 00:59:59 411
1517158800.412084540 0.524122 -0.523225 47.7193 0 2018-01-29 01:00:00 411
1517158801.412060913 0.571767 -0.684749 47.7193 0 2018-01-29 01:00:01 411
1517158802.412103850 0.574205 -0.690118 5.26316 0 2018-01-29 01:00:02 411
1517158803.412063816 0.574183 -0.690123 5.26316 0 2018-01-29 01:00:03 411
1517158804.412087533 0.622163 -0.776881 3.85965 0 2018-01-29 01:00:04 411
1517158805.412051041 0.690013 -0.865608 3.85965 0 2018-01-29 01:00:05 411
1517158806.412086738 0.756023 -0.840231 2.73684 0 2018-01-29 01:00:06 411
1517158807.412023787 0.862914 -0.926327 2.73684 0 2018-01-29 01:00:07 411
1517158808.412237509 1.03187 -1.00185 1.78947 0 2018-01-29 01:00:08 411
1517158809.412065336 1.22415 -1.02514 1.78947 0 2018-01-29 01:00:09 411
1517158810.412086345 1.43634 -0.917051 1.68421 0 2018-01-29 01:00:10 411
1517158811.412055895 1.50991 -0.877294 1.68421 0 2018-01-29 01:00:11 411
1517158812.412219095 1.5099 -0.877472 1.68421 0 2018-01-29 01:00:12 411
1517158813.412448443 1.62487 -0.78998 1.68421 0 2018-01-29 01:00:13 411
1517158814.412090484 1.62227 -0.682128 2.84211 0 2018-01-29 01:00:14 411
1517158815.412049096 1.62232 -0.682199 2.84211 0 2018-01-29 01:00:15 411
1517158816.412080574 1.66178 -0.61576 10.1053 0 2018-01-29 01:00:16 411
1517158817.412050228 1.73012 -0.434019 10.1053 0 2018-01-29 01:00:17 411
1517158818.412600000 1.74197 -0.258833 17.8947 0 2018-01-29 01:00:18 411
1517158819.412049224 1.70286 -0.233755 17.8947 0 2018-01-29 01:00:19 411
1517158820.412099557 1.70293 -0.233754 21.2632 0 2018-01-29 01:00:20 411
1517158821.412081606 1.70295 -0.233761 21.2632 0 2018-01-29 01:00:21 411
1517158822.412076834 1.70296 -0.233758 20.3158 0 2018-01-29 01:00:22 411
1517158823.412128729 1.70296 -0.233761 20.3158 0 2018-01-29 01:00:23 411
1517158824.412097289 1.68527 -0.15534 19.6842 0 2018-01-29 01:00:24 411
1517158825.412059963 1.64393 -0.0462484 19.6842 0 2018-01-29 01:00:25 411
1517158826.412074410 1.64244 -0.0431103 19.3684 0 2018-01-29 01:00:26 411
1517158827.412058699 1.56805 0.112045 19.3684 0 2018-01-29 01:00:27 411
1517158828.412634462 1.54401 0.166151 22.1053 0 2018-01-29 01:00:28 412
1517158829.412059623 1.52806 0.205552 22.1053 0 2018-01-29 01:00:29 411
1517158830.411997921 1.4923 0.393533 23.6842 0 2018-01-29 01:00:30 411
1517158831.412056900 1.49292 0.560151 23.6842 0 2018-01-29 01:00:31 411
1517158832.412121765 1.6011 0.719616 1.84211 0 2018-01-29 01:00:32 411
1517158833.412410749 1.80093 0.790635 1.84211 0 2018-01-29 01:00:33 412
1517158834.412085969 2.00789 0.802673 1.31579 0 2018-01-29 01:00:34 411
1517158835.412168021 2.18636 0.736377 1.31579 0 2018-01-29 01:00:35 411
1517158836.412291324 2.31677 0.576062 0.526316 0 2018-01-29 01:00:36 411
1517158837.412099203 2.38894 0.397667 0.526316 0 2018-01-29 01:00:37 411
1517158838.412070732 2.38149 0.266381 3.36842 0 2018-01-29 01:00:38 411
1517158839.412189504 2.38175 0.266522 3.36842 0 2018-01-29 01:00:39 411
1517158840.412064832 2.38182 0.266536 7.26316 0 2018-01-29 01:00:40 411
1517158841.412056518 2.38184 0.266559 7.26316 0 2018-01-29 01:00:41 411
1517158842.412078308 2.38102 0.260879 10.1053 0 2018-01-29 01:00:42 411
1517158843.412073535 2.3547 0.0912164 10.1053 0 2018-01-29 01:00:43 411
1517158844.412071575 2.34559 0.0378049 9.26316 0 2018-01-29 01:00:44 411
1517158845.412065969 2.34558 0.0377494 9.26316 0 2018-01-29 01:00:45 411
1517158846.412089843 2.3144 -0.0774178 8.52632 0 2018-01-29 01:00:46 411
1517158847.411991161 2.24637 -0.19833 8.52632 0 2018-01-29 01:00:47 411
1517158848.412081860 2.23469 -0.211404 8.63158 0 2018-01-29 01:00:48 411
1517158849.412142766 2.23472 -0.211421 8.63158 0 2018-01-29 01:00:49 411
1517158850.412094190 2.23473 -0.211427 10.3158 0 2018-01-29 01:00:50 411
1517158851.412074208 2.14768 -0.288712 10.3158 0 2018-01-29 01:00:51 411
1517158852.412083811 2.05248 -0.340876 11.8947 0 2018-01-29 01:00:52 411
1517158853.412055861 2.05252 -0.340944 11.8947 0 2018-01-29 01:00:53 411
1517158854.412083380 2.05254 -0.340958 12.7368 0 2018-01-29 01:00:54 411
1517158855.412207517 2.05253 -0.340971 12.7368 0 2018-01-29 01:00:55 412
1517158856.412098679 1.94944 -0.377116 13.4737 0 2018-01-29 01:00:56 411
1517158857.412061874 1.72648 -0.361523 13.4737 0 2018-01-29 01:00:57 411
1517158858.412439195 1.56933 -0.292198 15.1579 0 2018-01-29 01:00:58 411
1517158859.412041808 1.5566 -0.274406 15.1579 0 2018-01-29 01:00:59 411
1517158860.412085109 1.40749 -0.183786 18.9474 0 2018-01-29 01:01:00 411
1517158861.412082316 1.24885 -0.137402 18.9474 0 2018-01-29 01:01:01 411
1517158862.412101814 1.24848 -0.137273 25.8947 0 2018-01-29 01:01:02 411
1517158863.412059801 1.24848 -0.137234 25.8947 0 2018-01-29 01:01:03 411
1517158864.412070758 1.21286 -0.132705 29.1579 0 2018-01-29 01:01:04 411
1517158865.412343544 1.02649 -0.139069 29.1579 0 2018-01-29 01:01:05 411
1517158866.412073504 0.973549 -0.229867 36.5263 0 2018-01-29 01:01:06 411
1517158867.412053210 0.973519 -0.229794 36.5263 0 2018-01-29 01:01:07 411
1517158868.412079063 0.967398 -0.232379 50.1053 0 2018-01-29 01:01:08 411
1517158869.412293202 0.81385 -0.32203 50.1053 0 2018-01-29 01:01:09 412
1517158870.412180198 0.756778 -0.373184 60.6316 0 2018-01-29 01:01:10 411
1517158871.412373919 0.76645 -0.44323 60.6316 0 2018-01-29 01:01:11 411
1517158872.412080494 0.705502 -0.539323 67.3684 0 2018-01-29 01:01:12 411
1517158873.412353592 0.705456 -0.539271 67.3684 0 2018-01-29 01:01:13 411
1517158874.412033864 0.70544 -0.53926 5.26316 0 2018-01-29 01:01:14 411
1517158875.412055602 0.705402 -0.539322 5.26316 0 2018-01-29 01:01:15 411
1517158876.412146457 0.65613 -0.66028 5.39474 0 2018-01-29 01:01:16 411
1517158877.412120642 0.62978 -0.829806 5.39474 0 2018-01-29 01:01:17 412
1517158878.412120869 0.671459 -0.844513 4.21053 0 2018-01-29 01:01:18 412
1517158879.412057137 0.703531 -1.02376 4.21053 0 2018-01-29 01:01:19 411
1517158880.412096896 0.790264 -1.19325 2.21053 0 2018-01-29 01:01:20 411
1517158881.412298952 0.925548 -1.32762 2.21053 0 2018-01-29 01:01:21 412
1517158882.412081986 1.12971 -1.38708 1.26316 0 2018-01-29 01:01:22 411
1517158883.412058619 1.31714 -1.40588 1.26316 0 2018-01-29 01:01:23 411
1517158884.412084941 1.44341 -1.31398 1.05263 0 2018-01-29 01:01:24 411
1517158885.412058344 1.57186 -1.2653 1.05263 0 2018-01-29 01:01:25 411
1517158886.412071176 1.74127 -1.19612 0.526316 0 2018-01-29 01:01:26 411
1517158887.412526780 1.89417 -1.08546 0.526316 0 2018-01-29 01:01:27 411
1517158888.412080746 1.98694 -0.874584 0.947368 0 2018-01-29 01:01:28 411
1517158889.412013940 2.03442 -0.678359 0.947368 0 2018-01-29 01:01:29 411
1517158890.412070471 2.03695 -0.588075 3.89474 0 2018-01-29 01:01:30 411
1517158891.412061219 1.98113 -0.574806 3.89474 0 2018-01-29 01:01:31 411
1517158892.412395101 1.98118 -0.574788 9.68421 0 2018-01-29 01:01:32 411
1517158893.412064643 1.9812 -0.574776 9.68421 0 2018-01-29 01:01:33 411
1517158894.412075339 1.9812 -0.574762 13.0526 0 2018-01-29 01:01:34 411
1517158895.412064837 1.9812 -0.574766 13.0526 0 2018-01-29 01:01:35 411
1517158896.412075377 1.97049 -0.512189 12.4211 0 2018-01-29 01:01:36 411
1517158897.412053260 1.90379 -0.329657 12.4211 0 2018-01-29 01:01:37 411
1517158898.412529020 1.81315 -0.206845 13.2632 0 2018-01-29 01:01:38 412
1517158899.412060069 1.78814 -0.226899 13.2632 0 2018-01-29 01:01:39 411
1517158900.412080401 1.65298 -0.125304 15.3684 0 2018-01-29 01:01:40 411
1517158901.412121515 1.49364 -0.0594062 15.3684 0 2018-01-29 01:01:41 412
1517158902.412088200 1.31874 0.00630712 18 0 2018-01-29 01:01:42 411
1517158903.412121501 1.29564 0.0151057 18 0 2018-01-29 01:01:43 411
1517158904.412074852 1.23756 0.0353184 25.2632 0 2018-01-29 01:01:44 411
1517158905.412111591 1.05998 0.063542 25.2632 0 2018-01-29 01:01:45 411
1517158906.412088172 1.05167 0.00901456 35.2632 0 2018-01-29 01:01:46 411
1517158907.412047669 1.0371 0.00813334 35.2632 0 2018-01-29 01:01:47 411
1517158908.412078053 0.858294 -0.0295564 42.7368 0 2018-01-29 01:01:48 411
1517158909.412139949 0.792692 -0.0580321 42.7368 0 2018-01-29 01:01:49 411
1517158910.412087571 0.792696 -0.0579504 62.7368 0 2018-01-29 01:01:50 411
1517158911.412089048 0.792692 -0.057929 62.7368 0 2018-01-29 01:01:51 412
1517158912.412087974 0.792685 -0.057926 70.8421 0 2018-01-29 01:01:52 411
1517158913.412057211 0.792686 -0.0579236 70.8421 0 2018-01-29 01:01:53 411
1517158914.412218640 0.792689 -0.0579216 77.8947 0 2018-01-29 01:01:54 411
1517158915.412047405 0.792687 -0.0579224 77.8947 0 2018-01-29 01:01:55 411
1517158916.412072164 0.792687 -0.0579222 76.5263 0 2018-01-29 01:01:56 411
1517158917.412058797 0.792687 -0.0579226 76.5263 0 2018-01-29 01:01:57 411
1517158918.412075535 0.787012 -0.0607126 79.6842 0 2018-01-29 01:01:58 411
1517158919.412061908 0.638526 -0.159382 79.6842 0 2018-01-29 01:01:59 411
1517158920.412094636 0.646718 -0.218523 90.3158 0 2018-01-29 01:02:00 411
1517158921.412107156 0.646706 -0.218489 90.3158 0 2018-01-29 01:02:01 412
1517158922.412086445 0.646698 -0.218485 114.316 0 2018-01-29 01:02:02 411
1517158923.412048755 0.646696 -0.218484 114.316 0 2018-01-29 01:02:03 411
1517158924.412091171 0.646698 -0.21848 133.895 0 2018-01-29 01:02:04 411
1517158925.412309268 0.646697 -0.218481 133.895 0 2018-01-29 01:02:05 412
1517158926.412066989 0.599149 -0.275606 133.895 0 2018-01-29 01:02:06 411
1517158927.412050758 0.512658 -0.439411 133.895 0 2018-01-29 01:02:07 411
1517158928.412191301 0.51028 -0.447868 131.158 0 2018-01-29 01:02:08 412
1517158929.412045848 0.510225 -0.447891 131.158 0 2018-01-29 01:02:09 411
1517158930.412268373 0.510216 -0.447881 48.4211 0 2018-01-29 01:02:10 411
1517158931.412057709 0.510213 -0.447878 48.4211 0 2018-01-29 01:02:11 411
1517158932.412093563 0.510213 -0.447876 46.7105 0 2018-01-29 01:02:12 411
1517158933.412368120 0.488088 -0.545297 46.7105 0 2018-01-29 01:02:13 411
1517158934.412202666 0.509574 -0.686305 10.5263 0 2018-01-29 01:02:14 411
1517158935.412055702 0.509503 -0.686294 10.5263 0 2018-01-29 01:02:15 411
1517158936.412448856 0.509483 -0.686295 3.85965 0 2018-01-29 01:02:16 412
1517158937.412056105 0.509478 -0.686297 3.85965 0 2018-01-29 01:02:17 411
1517158938.412085552 0.509482 -0.686397 2.73684 0 2018-01-29 01:02:18 411
1517158939.412061612 0.531396 -0.823127 2.73684 0 2018-01-29 01:02:19 411
1517158940.412191530 0.611319 -1.00261 1.47368 0 2018-01-29 01:02:20 411
1517158941.412128058 0.785299 -1.12459 1.47368 0 2018-01-29 01:02:21 411
1517158942.412075107 0.958263 -1.21318 1.47368 0 2018-01-29 01:02:22 411
1517158943.412274037 1.1651 -1.20309 1.47368 0 2018-01-29 01:02:23 411
1517158944.412142542 1.35246 -1.16579 0.736842 0 2018-01-29 01:02:24 411
1517158945.412043652 1.52049 -1.0707 0.736842 0 2018-01-29 01:02:25 411
1517158946.412092006 1.59242 -0.864962 0.631579 0 2018-01-29 01:02:26 411
1517158947.411991866 1.65882 -0.727894 0.631579 0 2018-01-29 01:02:27 411
1517158948.412062668 1.74097 -0.549856 2.21053 0 2018-01-29 01:02:28 411
1517158949.412053937 1.81762 -0.391416 2.21053 0 2018-01-29 01:02:29 411
1517158950.412079009 1.79019 -0.36051 9.47368 0 2018-01-29 01:02:30 411
1517158951.412187885 1.7902 -0.360524 9.47368 0 2018-01-29 01:02:31 411
1517158952.412105870 1.7902 -0.36053 16.8421 0 2018-01-29 01:02:32 411
1517158953.412026096 1.7902 -0.360536 16.8421 0 2018-01-29 01:02:33 411
1517158954.412087314 1.7902 -0.360535 18.5263 0 2018-01-29 01:02:34 411
1517158955.412018582 1.81854 -0.302695 18.5263 0 2018-01-29 01:02:35 411
1517158956.412083915 1.90773 -0.1383 16.5263 0 2018-01-29 01:02:36 411
1517158957.412124508 1.93546 -0.0921298 16.5263 0 2018-01-29 01:02:37 411
1517158958.412046400 1.93544 -0.0921368 16.4211 0 2018-01-29 01:02:38 411
1517158959.412047252 1.93543 -0.0921456 16.4211 0 2018-01-29 01:02:39 411
1517158960.412075970 1.95568 -0.0595382 15.4737 0 2018-01-29 01:02:40 411
1517158961.412059478 1.99868 -0.00458332 15.4737 0 2018-01-29 01:02:41 411
1517158962.412490237 2.15285 0.107906 13.2632 0 2018-01-29 01:02:42 411
1517158963.412094204 2.19898 0.117373 13.2632 0 2018-01-29 01:02:43 411
1517158964.412066098 2.19892 0.117445 12.1053 0 2018-01-29 01:02:44 411
1517158965.412063461 2.32832 0.134703 12.1053 0 2018-01-29 01:02:45 411
1517158966.412017853 2.51765 0.097497 10.5263 0 2018-01-29 01:02:46 411
1517158967.412139698 2.67757 0.00860961 10.5263 0 2018-01-29 01:02:47 412
1517158968.412070393 2.85172 -0.0765638 8.42105 0 2018-01-29 01:02:48 411
1517158969.412037703 2.96392 -0.137017 8.42105 0 2018-01-29 01:02:49 411
1517158970.412066316 3.13142 -0.236342 6.84211 0 2018-01-29 01:02:50 411
1517158971.412053939 3.28009 -0.314379 6.84211 0 2018-01-29 01:02:51 411
1517158972.412082761 3.39487 -0.469402 5.26316 0 2018-01-29 01:02:52 411
1517158973.412515343 3.44284 -0.656733 5.26316 0 2018-01-29 01:02:53 411
1517158974.412085507 3.40353 -0.758867 4 0 2018-01-29 01:02:54 411
1517158975.412053026 3.44984 -0.597346 4 0 2018-01-29 01:02:55 411
1517158976.412094816 3.49702 -0.413758 4 0 2018-01-29 01:02:56 411
1517158977.411979103 3.53806 -0.222099 4 0 2018-01-29 01:02:57 411
1517158978.412143085 3.54134 -0.0292295 2.84211 0 2018-01-29 01:02:58 411
1517158979.412065237 3.56716 0.162331 2.84211 0 2018-01-29 01:02:59 411
1517158980.412324430 3.56575 0.156125 3.15789 0 2018-01-29 01:03:00 411
1517158981.412072880 3.49721 -0.0323473 3.15789 0 2018-01-29 01:03:01 411
1517158982.412087639 3.33334 -0.136891 3.68421 0 2018-01-29 01:03:02 411
1517158983.412217140 3.16049 -0.215285 3.68421 0 2018-01-29 01:03:03 411
1517158984.412074031 3.05068 -0.208292 4.84211 0 2018-01-29 01:03:04 411
1517158985.412119832 2.93788 -0.205796 4.84211 0 2018-01-29 01:03:05 411
1517158986.412081986 2.74522 -0.241866 5.78947 0 2018-01-29 01:03:06 411
1517158987.412065806 2.54991 -0.378388 5.78947 0 2018-01-29 01:03:07 411
1517158988.412548702 2.43207 -0.497289 7.57895 0 2018-01-29 01:03:08 411
1517158989.412131158 2.30702 -0.617906 7.57895 0 2018-01-29 01:03:09 411
1517158990.412214721 2.13053 -0.710977 7.47368 0 2018-01-29 01:03:10 412
1517158991.412048955 1.94654 -0.724313 7.47368 0 2018-01-29 01:03:11 411
1517158992.412075641 1.80588 -0.619095 9.1579 0 2018-01-29 01:03:12 411
1517158993.412061441 1.67534 -0.483271 9.1579 0 2018-01-29 01:03:13 411
1517158994.412101774 1.57114 -0.343235 11.2632 0 2018-01-29 01:03:14 411
1517158995.412060125 1.4371 -0.20644 11.2632 0 2018-01-29 01:03:15 411
1517158996.412081759 1.27451 -0.113784 17.1579 0 2018-01-29 01:03:16 411
1517158997.412058913 1.08459 -0.075324 17.1579 0 2018-01-29 01:03:17 411
1517158998.412387899 0.917537 -0.145399 29.5789 0 2018-01-29 01:03:18 411
1517158999.412347865 0.744479 -0.232106 29.5789 0 2018-01-29 01:03:19 412
1517159000.412077721 0.68699 -0.349702 87.3684 0 2018-01-29 01:03:20 411
1517159001.412062635 0.686899 -0.34952 87.3684 0 2018-01-29 01:03:21 411
1517159002.412121145 0.686858 -0.349487 102.632 0 2018-01-29 01:03:22 411
1517159003.412054860 0.686857 -0.349466 102.632 0 2018-01-29 01:03:23 411
1517159004.412075870 0.64899 -0.39797 107.053 0 2018-01-29 01:03:24 411
1517159005.412131984 0.645805 -0.402639 107.053 0 2018-01-29 01:03:25 411
1517159006.412074814 0.645805 -0.402628 110.421 0 2018-01-29 01:03:26 411
1517159007.412055770 0.643539 -0.405851 110.421 0 2018-01-29 01:03:27 411
1517159008.412076675 0.560318 -0.563178 106.526 0 2018-01-29 01:03:28 411
1517159009.412074246 0.549772 -0.596259 106.526 0 2018-01-29 01:03:29 411
1517159010.412359533 0.502929 -0.751458 5.52632 0 2018-01-29 01:03:30 411
1517159011.412085795 0.484929 -0.937695 5.52632 0 2018-01-29 01:03:31 411
1517159012.412145659 0.380266 -1.09183 3.15789 0 2018-01-29 01:03:32 412
1517159013.412045936 0.220492 -1.19763 3.15789 0 2018-01-29 01:03:33 411
1517159014.412083248 0.0232077 -1.20002 1.47368 0 2018-01-29 01:03:34 411
1517159015.413471322 -0.158272 -1.15252 1.47368 0 2018-01-29 01:03:35 411
1517159016.412099328 -0.338147 -1.00263 0.736842 0 2018-01-29 01:03:36 411
1517159017.412481231 -0.423698 -0.829724 0.736842 0 2018-01-29 01:03:37 412
1517159018.412112699 -0.391342 -0.620376 0.736842 0 2018-01-29 01:03:38 412
1517159019.412035946 -0.339068 -0.456412 0.736842 0 2018-01-29 01:03:39 411
1517159020.412291804 -0.234658 -0.282312 0.631579 0 2018-01-29 01:03:40 412
1517159021.412062078 -0.193182 -0.142612 0.631579 0 2018-01-29 01:03:41 411
1517159022.412067514 -0.116453 0.0215794 0.842105 0 2018-01-29 01:03:42 411
1517159023.412050293 0.0171895 0.157921 0.842105 0 2018-01-29 01:03:43 411
1517159024.412071719 0.162083 0.226695 0.736842 0 2018-01-29 01:03:44 411
1517159025.412046060 0.353882 0.220545 0.736842 0 2018-01-29 01:03:45 411
1517159026.412078788 0.52958 0.116148 0.421053 0 2018-01-29 01:03:46 411
1517159027.412082245 0.661925 -0.0397329 0.421053 0 2018-01-29 01:03:47 411
1517159028.412086951 0.699586 -0.140192 23.6842 0 2018-01-29 01:03:48 411
1517159029.411984676 0.699732 -0.139999 23.6842 0 2018-01-29 01:03:49 411
1517159030.412043447 0.699778 -0.139951 72.1053 0 2018-01-29 01:03:50 411
1517159031.412072164 0.699792 -0.139943 72.1053 0 2018-01-29 01:03:51 411
1517159032.412077288 0.713021 -0.184363 83.2632 0 2018-01-29 01:03:52 411
1517159033.412055744 0.743263 -0.295687 83.2632 0 2018-01-29 01:03:53 411
1517159034.412149411 0.74327 -0.295673 99.4737 0 2018-01-29 01:03:54 411
1517159035.412060678 0.743274 -0.295674 99.4737 0 2018-01-29 01:03:55 411
1517159036.412129917 0.743273 -0.295667 105.158 0 2018-01-29 01:03:56 411
1517159037.412048111 0.743275 -0.295674 105.158 0 2018-01-29 01:03:57 411
1517159038.412082558 0.752144 -0.331119 103.895 0 2018-01-29 01:03:58 411
1517159039.412066431 0.79005 -0.508161 103.895 0 2018-01-29 01:03:59 411
1517159040.412082701 0.766913 -0.560224 65.2632 0 2018-01-29 01:04:00 411
1517159041.412117095 0.766919 -0.560219 65.2632 0 2018-01-29 01:04:01 411
1517159042.412088885 0.76692 -0.560216 46.4912 0 2018-01-29 01:04:02 411
1517159043.412052444 0.76692 -0.560214 46.4912 0 2018-01-29 01:04:03 411
1517159044.412072881 0.767109 -0.561415 41.5789 0 2018-01-29 01:04:04 411
1517159045.412052534 0.790814 -0.717949 41.5789 0 2018-01-29 01:04:05 411
1517159046.412080263 0.792187 -0.728467 2.63158 0 2018-01-29 01:04:06 411
1517159047.412050385 0.813862 -0.839046 2.63158 0 2018-01-29 01:04:07 411
1517159048.412322234 0.878124 -0.994531 2.63158 0 2018-01-29 01:04:08 411
1517159049.412060215 0.998222 -1.14492 2.63158 0 2018-01-29 01:04:09 411
1517159050.412098933 1.21898 -1.21367 1.78947 0 2018-01-29 01:04:10 411
1517159051.412016294 1.40748 -1.25049 1.78947 0 2018-01-29 01:04:11 411
1517159052.412086679 1.58758 -1.16755 0.842105 0 2018-01-29 01:04:12 411
1517159053.412054145 1.75463 -1.07663 0.842105 0 2018-01-29 01:04:13 411
1517159054.412074269 1.88805 -0.936136 0.947368 0 2018-01-29 01:04:14 411
1517159055.412055589 1.93662 -0.729001 0.947368 0 2018-01-29 01:04:15 411
1517159056.412076182 2.02389 -0.555244 3.36842 0 2018-01-29 01:04:16 411
1517159057.412073753 2.09475 -0.421924 3.36842 0 2018-01-29 01:04:17 411
1517159058.412085804 2.09476 -0.421981 8.42105 0 2018-01-29 01:04:18 411
1517159059.412052645 2.09476 -0.422007 8.42105 0 2018-01-29 01:04:19 411
1517159060.412078862 2.09477 -0.421994 12.6316 0 2018-01-29 01:04:20 411
1517159061.412074819 2.09478 -0.421978 12.6316 0 2018-01-29 01:04:21 411
1517159062.412662457 2.09477 -0.421984 11.3684 0 2018-01-29 01:04:22 411
1517159063.412063606 2.09478 -0.421979 11.3684 0 2018-01-29 01:04:23 411
1517159064.412080865 2.09478 -0.42198 12.5263 0 2018-01-29 01:04:24 411
1517159065.412059686 2.09478 -0.42198 12.5263 0 2018-01-29 01:04:25 411
1517159066.412074653 2.09478 -0.42198 14.3158 0 2018-01-29 01:04:26 411
1517159067.412032744 2.09478 -0.42198 14.3158 0 2018-01-29 01:04:27 411
1517159068.412097244 2.09478 -0.42198 14.4211 0 2018-01-29 01:04:28 411
1517159069.412049137 2.09478 -0.42198 14.4211 0 2018-01-29 01:04:29 411
1517159070.412090147 2.09478 -0.42198 14.2105 0 2018-01-29 01:04:30 411
1517159071.412056831 2.09478 -0.42198 14.2105 0 2018-01-29 01:04:31 411
1517159072.412084559 2.13461 -0.335666 12.3158 0 2018-01-29 01:04:32 411
1517159073.412247864 2.19898 -0.127196 12.3158 0 2018-01-29 01:04:33 411
1517159074.412168506 2.18228 0.0603008 10.7368 0 2018-01-29 01:04:34 411
1517159075.412117274 2.10866 0.240464 10.7368 0 2018-01-29 01:04:35 411
1517159076.412070625 1.95871 0.307393 11.5789 0 2018-01-29 01:04:36 411
1517159077.412043768 1.95888 0.307487 11.5789 0 2018-01-29 01:04:37 411
1517159078.412090820 1.95893 0.307501 13.4737 0 2018-01-29 01:04:38 411
1517159079.412058390 1.95894 0.307511 13.4737 0 2018-01-29 01:04:39 411
1517159080.412068982 1.95894 0.307511 16.3158 0 2018-01-29 01:04:40 411
1517159081.412051136 1.95894 0.307511 16.3158 0 2018-01-29 01:04:41 411
1517159082.412085323 1.95895 0.30751 14.5263 0 2018-01-29 01:04:42 411
1517159083.412685148 1.95895 0.307511 14.5263 0 2018-01-29 01:04:43 412
1517159084.412089996 1.95895 0.307511 14 0 2018-01-29 01:04:44 411
1517159085.412071109 1.85967 0.390279 14 0 2018-01-29 01:04:45 411
1517159086.412068940 1.68596 0.471274 11.2632 0 2018-01-29 01:04:46 411
1517159087.412062188 1.63568 0.435903 11.2632 0 2018-01-29 01:04:47 411
1517159088.412085906 1.63571 0.435953 9.78947 0 2018-01-29 01:04:48 411
1517159089.412199990 1.63573 0.435965 9.78947 0 2018-01-29 01:04:49 412
1517159090.412098444 1.63571 0.435972 8.94737 0 2018-01-29 01:04:50 411
1517159091.412052785 1.56605 0.446467 8.94737 0 2018-01-29 01:04:51 411
1517159092.412079523 1.4933 0.447891 5.89474 0 2018-01-29 01:04:52 411
1517159093.412063500 1.33018 0.441566 5.89474 0 2018-01-29 01:04:53 411
1517159094.412188366 1.13944 0.438275 4.10526 0 2018-01-29 01:04:54 411
1517159095.412071768 0.946017 0.439447 4.10526 0 2018-01-29 01:04:55 411
1517159096.412085016 0.75435 0.397977 2.21053 0 2018-01-29 01:04:56 411
1517159097.412509160 0.562717 0.412357 2.21053 0 2018-01-29 01:04:57 412
1517159098.412093492 0.371568 0.433703 1.05263 0 2018-01-29 01:04:58 411
1517159099.412253098 0.210821 0.432488 1.05263 0 2018-01-29 01:04:59 412
1517159100.412088426 0.0209456 0.404527 0.631579 0 2018-01-29 01:05:00 411
1517159101.412464965 -0.154338 0.318572 0.631579 0 2018-01-29 01:05:01 412
1517159102.412072317 -0.268948 0.118155 0.421053 0 2018-01-29 01:05:02 411
1517159103.412058117 -0.344921 -0.0597579 0.421053 0 2018-01-29 01:05:03 411
1517159104.412243974 -0.360189 -0.240723 0.315789 0 2018-01-29 01:05:04 412
1517159105.412059822 -0.314708 -0.271448 0.315789 0 2018-01-29 01:05:05 411
1517159106.412027965 -0.314808 -0.271416 0.631579 0 2018-01-29 01:05:06 411
1517159107.412051162 -0.314837 -0.271403 0.631579 0 2018-01-29 01:05:07 411
1517159108.412078838 -0.314846 -0.271399 0.736842 0 2018-01-29 01:05:08 411
1517159109.412042294 -0.314848 -0.271395 0.736842 0 2018-01-29 01:05:09 411
1517159110.412072313 -0.314849 -0.271397 1.36842 0 2018-01-29 01:05:10 411
1517159111.412057072 -0.314849 -0.271396 1.36842 0 2018-01-29 01:05:11 411
1517159112.412100581 -0.314849 -0.271396 1.68421 0 2018-01-29 01:05:12 411
1517159113.412079662 -0.314849 -0.271396 1.68421 0 2018-01-29 01:05:13 411
1517159114.412087234 -0.314849 -0.271396 1.68421 0 2018-01-29 01:05:14 411
1517159115.412054856 -0.314849 -0.271396 1.68421 0 2018-01-29 01:05:15 411
1517159116.412173993 -0.314849 -0.271396 1.05263 0 2018-01-29 01:05:16 411
1517159117.412141719 -0.314849 -0.271396 1.05263 0 2018-01-29 01:05:17 411
1517159118.412077674 -0.314849 -0.271396 1.26316 0 2018-01-29 01:05:18 411
1517159119.412060089 -0.314849 -0.271396 1.26316 0 2018-01-29 01:05:19 411
1517159120.412080733 -0.314849 -0.271396 1.05263 0 2018-01-29 01:05:20 411
1517159121.412122784 -0.314849 -0.271396 1.05263 0 2018-01-29 01:05:21 411
1517159122.412082334 -0.314849 -0.271396 1.36842 0 2018-01-29 01:05:22 411
1517159123.412049487 -0.314849 -0.271396 1.36842 0 2018-01-29 01:05:23 411
1517159124.412087476 -0.314849 -0.271396 1.78947 0 2018-01-29 01:05:24 411
1517159125.412053744 -0.314849 -0.271396 1.78947 0 2018-01-29 01:05:25 411
1517159126.412108348 -0.314849 -0.271396 1.57895 0 2018-01-29 01:05:26 411
1517159127.412068053 -0.314849 -0.271396 1.57895 0 2018-01-29 01:05:27 411
1517159128.412077135 -0.314849 -0.271396 1.57895 0 2018-01-29 01:05:28 411
1517159129.412124864 -0.314849 -0.271396 1.57895 0 2018-01-29 01:05:29 412
1517159130.412094934 -0.314849 -0.271396 1.26316 0 2018-01-29 01:05:30 411
1517159131.412041931 -0.314849 -0.271396 1.26316 0 2018-01-29 01:05:31 411
1517159132.412089764 -0.314849 -0.271396 0.631579 0 2018-01-29 01:05:32 411
1517159133.412057282 -0.314849 -0.271396 0.631579 0 2018-01-29 01:05:33 411
1517159134.412088760 -0.314849 -0.271396 0.947368 0 2018-01-29 01:05:34 411
1517159135.412055289 -0.314849 -0.271396 0.947368 0 2018-01-29 01:05:35 411
1517159136.412070256 -0.314849 -0.271396 0.736842 0 2018-01-29 01:05:36 411
1517159137.412259655 -0.314849 -0.271396 0.736842 0 2018-01-29 01:05:37 411
1517159138.412083419 -0.314849 -0.271396 0.842105 0 2018-01-29 01:05:38 411
1517159139.412044323 -0.314849 -0.271396 0.842105 0 2018-01-29 01:05:39 411
1517159140.412082364 -0.314849 -0.271396 0.736842 0 2018-01-29 01:05:40 411
1517159141.412064205 -0.314849 -0.271396 0.736842 0 2018-01-29 01:05:41 411
1517159142.412095058 -0.314849 -0.271396 0.947368 0 2018-01-29 01:05:42 411
1517159143.412061066 -0.314849 -0.271396 0.947368 0 2018-01-29 01:05:43 411
1517159144.412087648 -0.314849 -0.271396 0.947368 0 2018-01-29 01:05:44 411
1517159145.412356528 -0.314849 -0.271396 0.947368 0 2018-01-29 01:05:45 412
1517159146.412071540 -0.314849 -0.271396 1.26316 0 2018-01-29 01:05:46 411
1517159147.412055882 -0.314849 -0.271396 1.26316 0 2018-01-29 01:05:47 411
1517159148.412124340 -0.314849 -0.271396 1.47368 0 2018-01-29 01:05:48 412
1517159149.412052117 -0.314849 -0.271396 1.47368 0 2018-01-29 01:05:49 411
1517159150.412088596 -0.314849 -0.271396 1.26316 0 2018-01-29 01:05:50 411
1517159151.412054864 -0.314849 -0.271396 1.26316 0 2018-01-29 01:05:51 411
1517159152.412250565 -0.314849 -0.271396 0.947368 0 2018-01-29 01:05:52 412
1517159153.412073548 -0.314849 -0.271396 0.947368 0 2018-01-29 01:05:53 411
1517159154.412104245 -0.314849 -0.271396 0.947368 0 2018-01-29 01:05:54 411
1517159155.412060044 -0.314849 -0.271396 0.947368 0 2018-01-29 01:05:55 411
1517159156.412104492 -0.314849 -0.271396 0.947368 0 2018-01-29 01:05:56 411
1517159157.412053780 -0.314849 -0.271396 0.947368 0 2018-01-29 01:05:57 411
1517159158.412132343 -0.314849 -0.271396 1.26316 0 2018-01-29 01:05:58 411
1517159159.412133195 -0.314849 -0.271396 1.26316 0 2018-01-29 01:05:59 411
1517159160.412084307 -0.314849 -0.271396 1.47368 0 2018-01-29 01:06:00 411
1517159161.412059429 -0.314849 -0.271396 1.47368 0 2018-01-29 01:06:01 411
1517159162.412077053 -0.314849 -0.271396 1.36842 0 2018-01-29 01:06:02 411
1517159163.412159053 -0.314849 -0.271396 1.36842 0 2018-01-29 01:06:03 411
1517159164.412236001 -0.314849 -0.271396 1.05263 0 2018-01-29 01:06:04 412
1517159165.412401441 -0.314849 -0.271396 1.05263 0 2018-01-29 01:06:05 411
1517159166.412085098 -0.314849 -0.271396 1.15789 0 2018-01-29 01:06:06 411
1517159167.412057200 -0.314849 -0.271396 1.15789 0 2018-01-29 01:06:07 411
1517159168.412076334 -0.314849 -0.271396 1.05263 0 2018-01-29 01:06:08 411
1517159169.412189949 -0.314849 -0.271396 1.05263 0 2018-01-29 01:06:09 411
1517159170.412105383 -0.314849 -0.271396 1.05263 0 2018-01-29 01:06:10 411
